view,subset,locality,rows,model_error,reference_error,gain_percent,model_p95,model_p99
neural_fold0_seed17_all_control_original,FDE,eu-locality-007,3935,29.077377972418127,30.3989429494991,4.347404379410335,100.64641919891027,177.47588961282636
neural_fold0_seed17_all_control_original,FDE,eu-locality-008,121088,35.13339789688198,36.53765155314232,3.8433057313985164,135.05447205498194,277.8297557076242
neural_fold0_seed17_all_control_original,FDE,eu-locality-020,622,14.289621252517101,14.784980358069301,3.3504211270855344,53.963574416924075,99.18086841907973
neural_fold0_seed17_all_control_original,FDE,eu-locality-048,5582,58.007095088935515,59.3222642810702,2.2169908854176246,214.0187379151913,354.61477747772864
neural_fold0_seed17_all_control_original,FDE,eu-locality-067,4600,62.077114802647884,64.59716991132642,3.9011850087826705,203.09808019544076,394.0447029702928
neural_fold0_seed17_all_control_original,FDE,eu-locality-110,7204,56.77516345296592,58.79692993015807,3.4385578968046615,247.1138091787453,584.7464834418972
neural_fold0_seed17_all_control_original,FDE,eu-locality-119,4147,64.6538913841024,65.72973460040133,1.6367679298257332,270.12766901222096,484.5542592170748
neural_fold0_seed17_all_control_original,FDE,eu-locality-124,2645,82.10723292887448,84.4124249059004,2.730868091510996,370.92724591771514,725.0889044622928
neural_fold0_seed17_all_supported_original,FDE,eu-locality-007,3935,29.077377972418127,30.3989429494991,4.347404379410335,100.64641919891027,177.47588961282636
neural_fold0_seed17_all_supported_original,FDE,eu-locality-008,121088,35.13339789688198,36.53765155314232,3.8433057313985164,135.05447205498194,277.8297557076242
neural_fold0_seed17_all_supported_original,FDE,eu-locality-020,622,14.289621252517101,14.784980358069301,3.3504211270855344,53.963574416924075,99.18086841907973
neural_fold0_seed17_all_supported_original,FDE,eu-locality-048,5582,58.007095088935515,59.3222642810702,2.2169908854176246,214.0187379151913,354.61477747772864
neural_fold0_seed17_all_supported_original,FDE,eu-locality-067,4600,62.077114802647884,64.59716991132642,3.9011850087826705,203.09808019544076,394.0447029702928
neural_fold0_seed17_all_supported_original,FDE,eu-locality-110,7204,56.77516345296592,58.79692993015807,3.4385578968046615,247.1138091787453,584.7464834418972
neural_fold0_seed17_all_supported_original,FDE,eu-locality-119,4147,64.6538913841024,65.72973460040133,1.6367679298257332,270.12766901222096,484.5542592170748
neural_fold0_seed17_all_supported_original,FDE,eu-locality-124,2645,82.10723292887448,84.4124249059004,2.730868091510996,370.92724591771514,725.0889044622928
neural_fold0_seed17_all_control_common,FDE,eu-locality-007,3935,29.077377972418127,30.3989429494991,4.347404379410335,100.64641919891027,177.47588961282636
neural_fold0_seed17_all_control_common,FDE,eu-locality-008,121088,35.13339789688198,36.53765155314232,3.8433057313985164,135.05447205498194,277.8297557076242
neural_fold0_seed17_all_control_common,FDE,eu-locality-020,622,14.289621252517101,14.784980358069301,3.3504211270855344,53.963574416924075,99.18086841907973
neural_fold0_seed17_all_control_common,FDE,eu-locality-048,5582,58.007095088935515,59.3222642810702,2.2169908854176246,214.0187379151913,354.61477747772864
neural_fold0_seed17_all_control_common,FDE,eu-locality-067,4600,62.077114802647884,64.59716991132642,3.9011850087826705,203.09808019544076,394.0447029702928
neural_fold0_seed17_all_control_common,FDE,eu-locality-110,7204,56.77516345296592,58.79692993015807,3.4385578968046615,247.1138091787453,584.7464834418972
neural_fold0_seed17_all_control_common,FDE,eu-locality-119,4147,64.6538913841024,65.72973460040133,1.6367679298257332,270.12766901222096,484.5542592170748
neural_fold0_seed17_all_control_common,FDE,eu-locality-124,2645,82.10723292887448,84.4124249059004,2.730868091510996,370.92724591771514,725.0889044622928
neural_fold0_seed17_all_supported_common,FDE,eu-locality-007,3935,29.077377972418127,30.3989429494991,4.347404379410335,100.64641919891027,177.47588961282636
neural_fold0_seed17_all_supported_common,FDE,eu-locality-008,121088,35.13339789688198,36.53765155314232,3.8433057313985164,135.05447205498194,277.8297557076242
neural_fold0_seed17_all_supported_common,FDE,eu-locality-020,622,14.289621252517101,14.784980358069301,3.3504211270855344,53.963574416924075,99.18086841907973
neural_fold0_seed17_all_supported_common,FDE,eu-locality-048,5582,58.007095088935515,59.3222642810702,2.2169908854176246,214.0187379151913,354.61477747772864
neural_fold0_seed17_all_supported_common,FDE,eu-locality-067,4600,62.077114802647884,64.59716991132642,3.9011850087826705,203.09808019544076,394.0447029702928
neural_fold0_seed17_all_supported_common,FDE,eu-locality-110,7204,56.77516345296592,58.79692993015807,3.4385578968046615,247.1138091787453,584.7464834418972
neural_fold0_seed17_all_supported_common,FDE,eu-locality-119,4147,64.6538913841024,65.72973460040133,1.6367679298257332,270.12766901222096,484.5542592170748
neural_fold0_seed17_all_supported_common,FDE,eu-locality-124,2645,82.10723292887448,84.4124249059004,2.730868091510996,370.92724591771514,725.0889044622928
neural_fold0_seed17_all_supported_at_control,FDE,eu-locality-007,3935,29.077377972418127,30.3989429494991,4.347404379410335,100.64641919891027,177.47588961282636
neural_fold0_seed17_all_supported_at_control,FDE,eu-locality-008,121088,35.13339789688198,36.53765155314232,3.8433057313985164,135.05447205498194,277.8297557076242
neural_fold0_seed17_all_supported_at_control,FDE,eu-locality-020,622,14.289621252517101,14.784980358069301,3.3504211270855344,53.963574416924075,99.18086841907973
neural_fold0_seed17_all_supported_at_control,FDE,eu-locality-048,5582,58.007095088935515,59.3222642810702,2.2169908854176246,214.0187379151913,354.61477747772864
neural_fold0_seed17_all_supported_at_control,FDE,eu-locality-067,4600,62.077114802647884,64.59716991132642,3.9011850087826705,203.09808019544076,394.0447029702928
neural_fold0_seed17_all_supported_at_control,FDE,eu-locality-110,7204,56.77516345296592,58.79692993015807,3.4385578968046615,247.1138091787453,584.7464834418972
neural_fold0_seed17_all_supported_at_control,FDE,eu-locality-119,4147,64.6538913841024,65.72973460040133,1.6367679298257332,270.12766901222096,484.5542592170748
neural_fold0_seed17_all_supported_at_control,FDE,eu-locality-124,2645,82.10723292887448,84.4124249059004,2.730868091510996,370.92724591771514,725.0889044622928
neural_fold0_seed17_all_control_at_supported,FDE,eu-locality-007,3935,29.077377972418127,30.3989429494991,4.347404379410335,100.64641919891027,177.47588961282636
neural_fold0_seed17_all_control_at_supported,FDE,eu-locality-008,121088,35.13339789688198,36.53765155314232,3.8433057313985164,135.05447205498194,277.8297557076242
neural_fold0_seed17_all_control_at_supported,FDE,eu-locality-020,622,14.289621252517101,14.784980358069301,3.3504211270855344,53.963574416924075,99.18086841907973
neural_fold0_seed17_all_control_at_supported,FDE,eu-locality-048,5582,58.007095088935515,59.3222642810702,2.2169908854176246,214.0187379151913,354.61477747772864
neural_fold0_seed17_all_control_at_supported,FDE,eu-locality-067,4600,62.077114802647884,64.59716991132642,3.9011850087826705,203.09808019544076,394.0447029702928
neural_fold0_seed17_all_control_at_supported,FDE,eu-locality-110,7204,56.77516345296592,58.79692993015807,3.4385578968046615,247.1138091787453,584.7464834418972
neural_fold0_seed17_all_control_at_supported,FDE,eu-locality-119,4147,64.6538913841024,65.72973460040133,1.6367679298257332,270.12766901222096,484.5542592170748
neural_fold0_seed17_all_control_at_supported,FDE,eu-locality-124,2645,82.10723292887448,84.4124249059004,2.730868091510996,370.92724591771514,725.0889044622928
neural_fold0_seed17_easy_control_original,FDE,eu-locality-007,3935,30.057868711471688,30.3989429494991,1.1219937436444116,101.85154087095664,180.8682328668919
neural_fold0_seed17_easy_control_original,FDE,eu-locality-008,121088,36.30955289040804,36.53765155314232,0.624283863462094,137.14622274539582,282.06393121697823
neural_fold0_seed17_easy_control_original,FDE,eu-locality-020,622,14.406712712673395,14.784980358069301,2.558458897035032,54.18434016797015,99.18086841907973
neural_fold0_seed17_easy_control_original,FDE,eu-locality-048,5582,59.20409661989806,59.3222642810702,0.19919614095014193,216.55248685578948,355.1127410078038
neural_fold0_seed17_easy_control_original,FDE,eu-locality-067,4600,64.37279759064509,64.59716991132642,0.34734079060944056,207.16877909819794,394.0447029702928
neural_fold0_seed17_easy_control_original,FDE,eu-locality-110,7204,58.28422688377953,58.79692993015807,0.8719894848039811,251.12962827604994,578.5671613813302
neural_fold0_seed17_easy_control_original,FDE,eu-locality-119,4147,65.66883347198235,65.72973460040133,0.09265384804795218,270.5290560144782,484.5542592170748
neural_fold0_seed17_easy_control_original,FDE,eu-locality-124,2645,84.19373773528292,84.4124249059004,0.25906988320885116,381.9827743206876,749.8979417287693
neural_fold0_seed17_easy_supported_original,FDE,eu-locality-007,3935,30.144723502749105,30.3989429494991,0.8362772586281153,102.45327870121463,180.8682328668919
neural_fold0_seed17_easy_supported_original,FDE,eu-locality-008,121088,36.34610020753508,36.53765155314232,0.5242574097260588,137.17730227634686,282.06393121697823
neural_fold0_seed17_easy_supported_original,FDE,eu-locality-020,622,14.41058599119694,14.784980358069301,2.5322615100264567,54.18434016797015,99.18086841907973
neural_fold0_seed17_easy_supported_original,FDE,eu-locality-048,5582,59.22678479454364,59.3222642810702,0.16095050936385524,216.2196458274127,355.1127410078038
neural_fold0_seed17_easy_supported_original,FDE,eu-locality-067,4600,64.42605325062547,64.59716991132642,0.2648980767049669,207.16877909819794,394.0447029702928
neural_fold0_seed17_easy_supported_original,FDE,eu-locality-110,7204,58.39280678525813,58.79692993015807,0.6873201464429823,251.63945099324982,584.7464834418972
neural_fold0_seed17_easy_supported_original,FDE,eu-locality-119,4147,65.66609521547699,65.72973460040133,0.09681978074495001,270.5290560144782,484.5542592170748
neural_fold0_seed17_easy_supported_original,FDE,eu-locality-124,2645,84.17314629800538,84.4124249059004,0.28346372961297606,381.9827743206876,749.8979417287693
neural_fold0_seed17_easy_control_common,FDE,eu-locality-007,3935,30.057868711471688,30.3989429494991,1.1219937436444116,101.85154087095664,180.8682328668919
neural_fold0_seed17_easy_control_common,FDE,eu-locality-008,121088,36.30955289040804,36.53765155314232,0.624283863462094,137.14622274539582,282.06393121697823
neural_fold0_seed17_easy_control_common,FDE,eu-locality-020,622,14.406712712673395,14.784980358069301,2.558458897035032,54.18434016797015,99.18086841907973
neural_fold0_seed17_easy_control_common,FDE,eu-locality-048,5582,59.20409661989806,59.3222642810702,0.19919614095014193,216.55248685578948,355.1127410078038
neural_fold0_seed17_easy_control_common,FDE,eu-locality-067,4600,64.37279759064509,64.59716991132642,0.34734079060944056,207.16877909819794,394.0447029702928
neural_fold0_seed17_easy_control_common,FDE,eu-locality-110,7204,58.28422688377953,58.79692993015807,0.8719894848039811,251.12962827604994,578.5671613813302
neural_fold0_seed17_easy_control_common,FDE,eu-locality-119,4147,65.66883347198235,65.72973460040133,0.09265384804795218,270.5290560144782,484.5542592170748
neural_fold0_seed17_easy_control_common,FDE,eu-locality-124,2645,84.19373773528292,84.4124249059004,0.25906988320885116,381.9827743206876,749.8979417287693
neural_fold0_seed17_easy_supported_common,FDE,eu-locality-007,3935,30.144723502749105,30.3989429494991,0.8362772586281153,102.45327870121463,180.8682328668919
neural_fold0_seed17_easy_supported_common,FDE,eu-locality-008,121088,36.34610020753508,36.53765155314232,0.5242574097260588,137.17730227634686,282.06393121697823
neural_fold0_seed17_easy_supported_common,FDE,eu-locality-020,622,14.41058599119694,14.784980358069301,2.5322615100264567,54.18434016797015,99.18086841907973
neural_fold0_seed17_easy_supported_common,FDE,eu-locality-048,5582,59.22678479454364,59.3222642810702,0.16095050936385524,216.2196458274127,355.1127410078038
neural_fold0_seed17_easy_supported_common,FDE,eu-locality-067,4600,64.42605325062547,64.59716991132642,0.2648980767049669,207.16877909819794,394.0447029702928
neural_fold0_seed17_easy_supported_common,FDE,eu-locality-110,7204,58.39280678525813,58.79692993015807,0.6873201464429823,251.63945099324982,584.7464834418972
neural_fold0_seed17_easy_supported_common,FDE,eu-locality-119,4147,65.66609521547699,65.72973460040133,0.09681978074495001,270.5290560144782,484.5542592170748
neural_fold0_seed17_easy_supported_common,FDE,eu-locality-124,2645,84.17314629800538,84.4124249059004,0.28346372961297606,381.9827743206876,749.8979417287693
neural_fold0_seed17_easy_supported_at_control,FDE,eu-locality-007,3935,30.112101256786705,30.3989429494991,0.9435910096904365,102.2165842634546,180.8682328668919
neural_fold0_seed17_easy_supported_at_control,FDE,eu-locality-008,121088,36.32217586874369,36.53765155314232,0.5897359990015394,137.16580270456194,282.06393121697823
neural_fold0_seed17_easy_supported_at_control,FDE,eu-locality-020,622,14.406712712673395,14.784980358069301,2.558458897035032,54.18434016797015,99.18086841907973
neural_fold0_seed17_easy_supported_at_control,FDE,eu-locality-048,5582,59.21905073730658,59.3222642810702,0.17398786950306722,216.2196458274127,355.1127410078038
neural_fold0_seed17_easy_supported_at_control,FDE,eu-locality-067,4600,64.40872766905785,64.59716991132642,0.29171903742415406,207.16877909819794,394.0447029702928
neural_fold0_seed17_easy_supported_at_control,FDE,eu-locality-110,7204,58.38852632316963,58.79692993015807,0.6946002239803462,251.63945099324982,584.7464834418972
neural_fold0_seed17_easy_supported_at_control,FDE,eu-locality-119,4147,65.66828263681005,65.72973460040133,0.09349187847003115,270.5290560144782,484.5542592170748
neural_fold0_seed17_easy_supported_at_control,FDE,eu-locality-124,2645,84.17395393428968,84.4124249059004,0.2825069554352355,381.9827743206876,749.8979417287693
neural_fold0_seed17_easy_control_at_supported,FDE,eu-locality-007,3935,30.103266572374316,30.3989429494991,0.9726534821160815,102.12755623772726,180.8682328668919
neural_fold0_seed17_easy_control_at_supported,FDE,eu-locality-008,121088,36.32923983664775,36.53765155314232,0.5704026056284506,137.14622274539582,282.06393121697823
neural_fold0_seed17_easy_control_at_supported,FDE,eu-locality-020,622,14.407572670169543,14.784980358069301,2.5526424706663775,54.18434016797015,99.18086841907973
neural_fold0_seed17_easy_control_at_supported,FDE,eu-locality-048,5582,59.21441708307089,59.3222642810702,0.18179885630852377,216.55248685578948,355.1127410078038
neural_fold0_seed17_easy_control_at_supported,FDE,eu-locality-067,4600,64.37939408417229,64.59716991132642,0.3371290529493365,207.16877909819794,394.0447029702928
neural_fold0_seed17_easy_control_at_supported,FDE,eu-locality-110,7204,58.294332219139065,58.79692993015807,0.8548026429543443,251.12962827604994,578.5671613813302
neural_fold0_seed17_easy_control_at_supported,FDE,eu-locality-119,4147,65.66658657976028,65.72973460040133,0.0960722282311921,270.5290560144782,484.5542592170748
neural_fold0_seed17_easy_control_at_supported,FDE,eu-locality-124,2645,84.16475072165608,84.4124249059004,0.29340963077463256,381.9827743206876,749.8979417287693
damping097_fold0_seed17_all_control_original,FDE,eu-locality-007,3935,28.372438357873122,30.3989429494991,6.666365323927725,99.83546712398137,173.59245304725985
damping097_fold0_seed17_all_control_original,FDE,eu-locality-008,121088,34.32199569960999,36.53765155314232,6.064034658357165,131.1574936250468,274.64150508419556
damping097_fold0_seed17_all_control_original,FDE,eu-locality-020,622,14.531267417476263,14.784980358069301,1.7160181105994377,52.375808020598235,99.18086841907973
damping097_fold0_seed17_all_control_original,FDE,eu-locality-048,5582,55.028278100816465,59.3222642810702,7.238405735675779,208.68960992850214,341.8312981073841
damping097_fold0_seed17_all_control_original,FDE,eu-locality-067,4600,59.970423722589494,64.59716991132642,7.1624595862142755,199.37831689527755,385.15124900395807
damping097_fold0_seed17_all_control_original,FDE,eu-locality-110,7204,55.19791838518412,58.79692993015807,6.12108752829279,246.0589932957891,565.3921564787928
damping097_fold0_seed17_all_control_original,FDE,eu-locality-119,4147,63.081566775081285,65.72973460040133,4.028873448857462,254.9520112632369,484.5542592170748
damping097_fold0_seed17_all_control_original,FDE,eu-locality-124,2645,81.3658713169611,84.4124249059004,3.609129334141825,371.7975279685446,730.304686035854
damping097_fold0_seed17_all_supported_original,FDE,eu-locality-007,3935,28.372438357873122,30.3989429494991,6.666365323927725,99.83546712398137,173.59245304725985
damping097_fold0_seed17_all_supported_original,FDE,eu-locality-008,121088,34.32199569960999,36.53765155314232,6.064034658357165,131.1574936250468,274.64150508419556
damping097_fold0_seed17_all_supported_original,FDE,eu-locality-020,622,14.531267417476263,14.784980358069301,1.7160181105994377,52.375808020598235,99.18086841907973
damping097_fold0_seed17_all_supported_original,FDE,eu-locality-048,5582,55.028278100816465,59.3222642810702,7.238405735675779,208.68960992850214,341.8312981073841
damping097_fold0_seed17_all_supported_original,FDE,eu-locality-067,4600,59.970423722589494,64.59716991132642,7.1624595862142755,199.37831689527755,385.15124900395807
damping097_fold0_seed17_all_supported_original,FDE,eu-locality-110,7204,55.19791838518412,58.79692993015807,6.12108752829279,246.0589932957891,565.3921564787928
damping097_fold0_seed17_all_supported_original,FDE,eu-locality-119,4147,63.081566775081285,65.72973460040133,4.028873448857462,254.9520112632369,484.5542592170748
damping097_fold0_seed17_all_supported_original,FDE,eu-locality-124,2645,81.3658713169611,84.4124249059004,3.609129334141825,371.7975279685446,730.304686035854
damping097_fold0_seed17_all_control_common,FDE,eu-locality-007,3935,28.372438357873122,30.3989429494991,6.666365323927725,99.83546712398137,173.59245304725985
damping097_fold0_seed17_all_control_common,FDE,eu-locality-008,121088,34.32199569960999,36.53765155314232,6.064034658357165,131.1574936250468,274.64150508419556
damping097_fold0_seed17_all_control_common,FDE,eu-locality-020,622,14.531267417476263,14.784980358069301,1.7160181105994377,52.375808020598235,99.18086841907973
damping097_fold0_seed17_all_control_common,FDE,eu-locality-048,5582,55.028278100816465,59.3222642810702,7.238405735675779,208.68960992850214,341.8312981073841
damping097_fold0_seed17_all_control_common,FDE,eu-locality-067,4600,59.970423722589494,64.59716991132642,7.1624595862142755,199.37831689527755,385.15124900395807
damping097_fold0_seed17_all_control_common,FDE,eu-locality-110,7204,55.19791838518412,58.79692993015807,6.12108752829279,246.0589932957891,565.3921564787928
damping097_fold0_seed17_all_control_common,FDE,eu-locality-119,4147,63.081566775081285,65.72973460040133,4.028873448857462,254.9520112632369,484.5542592170748
damping097_fold0_seed17_all_control_common,FDE,eu-locality-124,2645,81.3658713169611,84.4124249059004,3.609129334141825,371.7975279685446,730.304686035854
damping097_fold0_seed17_all_supported_common,FDE,eu-locality-007,3935,28.372438357873122,30.3989429494991,6.666365323927725,99.83546712398137,173.59245304725985
damping097_fold0_seed17_all_supported_common,FDE,eu-locality-008,121088,34.32199569960999,36.53765155314232,6.064034658357165,131.1574936250468,274.64150508419556
damping097_fold0_seed17_all_supported_common,FDE,eu-locality-020,622,14.531267417476263,14.784980358069301,1.7160181105994377,52.375808020598235,99.18086841907973
damping097_fold0_seed17_all_supported_common,FDE,eu-locality-048,5582,55.028278100816465,59.3222642810702,7.238405735675779,208.68960992850214,341.8312981073841
damping097_fold0_seed17_all_supported_common,FDE,eu-locality-067,4600,59.970423722589494,64.59716991132642,7.1624595862142755,199.37831689527755,385.15124900395807
damping097_fold0_seed17_all_supported_common,FDE,eu-locality-110,7204,55.19791838518412,58.79692993015807,6.12108752829279,246.0589932957891,565.3921564787928
damping097_fold0_seed17_all_supported_common,FDE,eu-locality-119,4147,63.081566775081285,65.72973460040133,4.028873448857462,254.9520112632369,484.5542592170748
damping097_fold0_seed17_all_supported_common,FDE,eu-locality-124,2645,81.3658713169611,84.4124249059004,3.609129334141825,371.7975279685446,730.304686035854
damping097_fold0_seed17_all_supported_at_control,FDE,eu-locality-007,3935,28.372438357873122,30.3989429494991,6.666365323927725,99.83546712398137,173.59245304725985
damping097_fold0_seed17_all_supported_at_control,FDE,eu-locality-008,121088,34.32199569960999,36.53765155314232,6.064034658357165,131.1574936250468,274.64150508419556
damping097_fold0_seed17_all_supported_at_control,FDE,eu-locality-020,622,14.531267417476263,14.784980358069301,1.7160181105994377,52.375808020598235,99.18086841907973
damping097_fold0_seed17_all_supported_at_control,FDE,eu-locality-048,5582,55.028278100816465,59.3222642810702,7.238405735675779,208.68960992850214,341.8312981073841
damping097_fold0_seed17_all_supported_at_control,FDE,eu-locality-067,4600,59.970423722589494,64.59716991132642,7.1624595862142755,199.37831689527755,385.15124900395807
damping097_fold0_seed17_all_supported_at_control,FDE,eu-locality-110,7204,55.19791838518412,58.79692993015807,6.12108752829279,246.0589932957891,565.3921564787928
damping097_fold0_seed17_all_supported_at_control,FDE,eu-locality-119,4147,63.081566775081285,65.72973460040133,4.028873448857462,254.9520112632369,484.5542592170748
damping097_fold0_seed17_all_supported_at_control,FDE,eu-locality-124,2645,81.3658713169611,84.4124249059004,3.609129334141825,371.7975279685446,730.304686035854
damping097_fold0_seed17_all_control_at_supported,FDE,eu-locality-007,3935,28.372438357873122,30.3989429494991,6.666365323927725,99.83546712398137,173.59245304725985
damping097_fold0_seed17_all_control_at_supported,FDE,eu-locality-008,121088,34.32199569960999,36.53765155314232,6.064034658357165,131.1574936250468,274.64150508419556
damping097_fold0_seed17_all_control_at_supported,FDE,eu-locality-020,622,14.531267417476263,14.784980358069301,1.7160181105994377,52.375808020598235,99.18086841907973
damping097_fold0_seed17_all_control_at_supported,FDE,eu-locality-048,5582,55.028278100816465,59.3222642810702,7.238405735675779,208.68960992850214,341.8312981073841
damping097_fold0_seed17_all_control_at_supported,FDE,eu-locality-067,4600,59.970423722589494,64.59716991132642,7.1624595862142755,199.37831689527755,385.15124900395807
damping097_fold0_seed17_all_control_at_supported,FDE,eu-locality-110,7204,55.19791838518412,58.79692993015807,6.12108752829279,246.0589932957891,565.3921564787928
damping097_fold0_seed17_all_control_at_supported,FDE,eu-locality-119,4147,63.081566775081285,65.72973460040133,4.028873448857462,254.9520112632369,484.5542592170748
damping097_fold0_seed17_all_control_at_supported,FDE,eu-locality-124,2645,81.3658713169611,84.4124249059004,3.609129334141825,371.7975279685446,730.304686035854
damping097_fold0_seed17_easy_control_original,FDE,eu-locality-007,3935,28.573188026068344,30.3989429494991,6.005981610820587,100.71081315355305,176.37171802076864
damping097_fold0_seed17_easy_control_original,FDE,eu-locality-008,121088,34.75579766447201,36.53765155314232,4.876760856068385,133.1084701597274,275.2805091989503
damping097_fold0_seed17_easy_control_original,FDE,eu-locality-020,622,14.540020349764832,14.784980358069301,1.6568165961125203,51.09735796981506,102.34943144507893
damping097_fold0_seed17_easy_control_original,FDE,eu-locality-048,5582,56.68764667685291,59.3222642810702,4.441195285018818,209.6966403065466,350.9892123640084
damping097_fold0_seed17_easy_control_original,FDE,eu-locality-067,4600,61.78296663881302,64.59716991132642,4.356542672653463,201.98110249877664,385.15124900395807
damping097_fold0_seed17_easy_control_original,FDE,eu-locality-110,7204,55.277539483447825,58.79692993015807,5.985670426824585,245.24949447519379,565.2404920292903
damping097_fold0_seed17_easy_control_original,FDE,eu-locality-119,4147,64.1089593893832,65.72973460040133,2.465817366936751,267.19896472853276,483.4758761751312
damping097_fold0_seed17_easy_control_original,FDE,eu-locality-124,2645,80.38576144788296,84.4124249059004,4.770226021235857,369.5276654034131,717.4852338748225
damping097_fold0_seed17_easy_supported_original,FDE,eu-locality-007,3935,29.730271200165088,30.3989429494991,2.199654607875212,101.97677634025015,177.79198148897547
damping097_fold0_seed17_easy_supported_original,FDE,eu-locality-008,121088,35.71119661408557,36.53765155314232,2.2619268177504592,136.5930637604414,281.8422427199901
damping097_fold0_seed17_easy_supported_original,FDE,eu-locality-020,622,14.647468277387006,14.784980358069301,0.9300795628534253,53.963574416924075,99.18086841907973
damping097_fold0_seed17_easy_supported_original,FDE,eu-locality-048,5582,58.61404937809182,59.3222642810702,1.1938433429021456,214.87296264126485,356.3667109960735
damping097_fold0_seed17_easy_supported_original,FDE,eu-locality-067,4600,64.0029699887328,64.59716991132642,0.9198544199525815,206.79496247861942,394.0447029702928
damping097_fold0_seed17_easy_supported_original,FDE,eu-locality-110,7204,57.44721264658916,58.79692993015807,2.2955574128992406,251.12962827604994,584.5641318790994
damping097_fold0_seed17_easy_supported_original,FDE,eu-locality-119,4147,65.16025666280903,65.72973460040133,0.8663931796688229,270.5290560144782,484.5542592170748
damping097_fold0_seed17_easy_supported_original,FDE,eu-locality-124,2645,82.78296789135653,84.4124249059004,1.9303520972893673,377.201315538286,739.9819351069635
damping097_fold0_seed17_easy_control_common,FDE,eu-locality-007,3935,28.573188026068344,30.3989429494991,6.005981610820587,100.71081315355305,176.37171802076864
damping097_fold0_seed17_easy_control_common,FDE,eu-locality-008,121088,34.75579766447201,36.53765155314232,4.876760856068385,133.1084701597274,275.2805091989503
damping097_fold0_seed17_easy_control_common,FDE,eu-locality-020,622,14.540020349764832,14.784980358069301,1.6568165961125203,51.09735796981506,102.34943144507893
damping097_fold0_seed17_easy_control_common,FDE,eu-locality-048,5582,56.68764667685291,59.3222642810702,4.441195285018818,209.6966403065466,350.9892123640084
damping097_fold0_seed17_easy_control_common,FDE,eu-locality-067,4600,61.78296663881302,64.59716991132642,4.356542672653463,201.98110249877664,385.15124900395807
damping097_fold0_seed17_easy_control_common,FDE,eu-locality-110,7204,55.277539483447825,58.79692993015807,5.985670426824585,245.24949447519379,565.2404920292903
damping097_fold0_seed17_easy_control_common,FDE,eu-locality-119,4147,64.1089593893832,65.72973460040133,2.465817366936751,267.19896472853276,483.4758761751312
damping097_fold0_seed17_easy_control_common,FDE,eu-locality-124,2645,80.38576144788296,84.4124249059004,4.770226021235857,369.5276654034131,717.4852338748225
damping097_fold0_seed17_easy_supported_common,FDE,eu-locality-007,3935,29.730271200165088,30.3989429494991,2.199654607875212,101.97677634025015,177.79198148897547
damping097_fold0_seed17_easy_supported_common,FDE,eu-locality-008,121088,35.71119661408557,36.53765155314232,2.2619268177504592,136.5930637604414,281.8422427199901
damping097_fold0_seed17_easy_supported_common,FDE,eu-locality-020,622,14.647468277387006,14.784980358069301,0.9300795628534253,53.963574416924075,99.18086841907973
damping097_fold0_seed17_easy_supported_common,FDE,eu-locality-048,5582,58.61404937809182,59.3222642810702,1.1938433429021456,214.87296264126485,356.3667109960735
damping097_fold0_seed17_easy_supported_common,FDE,eu-locality-067,4600,64.0029699887328,64.59716991132642,0.9198544199525815,206.79496247861942,394.0447029702928
damping097_fold0_seed17_easy_supported_common,FDE,eu-locality-110,7204,57.44721264658916,58.79692993015807,2.2955574128992406,251.12962827604994,584.5641318790994
damping097_fold0_seed17_easy_supported_common,FDE,eu-locality-119,4147,65.16025666280903,65.72973460040133,0.8663931796688229,270.5290560144782,484.5542592170748
damping097_fold0_seed17_easy_supported_common,FDE,eu-locality-124,2645,82.78296789135653,84.4124249059004,1.9303520972893673,377.201315538286,739.9819351069635
damping097_fold0_seed17_easy_supported_at_control,FDE,eu-locality-007,3935,28.64305134121079,30.3989429494991,5.776160082951975,100.71081315355305,173.59245304725985
damping097_fold0_seed17_easy_supported_at_control,FDE,eu-locality-008,121088,34.928442117204156,36.53765155314232,4.40424977395617,134.01236004441552,277.38985906926666
damping097_fold0_seed17_easy_supported_at_control,FDE,eu-locality-020,622,14.598002773961712,14.784980358069301,1.2646454684367647,51.46073498309706,102.34943144507893
damping097_fold0_seed17_easy_supported_at_control,FDE,eu-locality-048,5582,57.228782894706,59.3222642810702,3.5289977746723156,211.73830487436848,355.0151813798374
damping097_fold0_seed17_easy_supported_at_control,FDE,eu-locality-067,4600,62.50456458925423,64.59716991132642,3.2394690432177464,206.1504848436635,394.0447029702928
damping097_fold0_seed17_easy_supported_at_control,FDE,eu-locality-110,7204,56.07714042229162,58.79692993015807,4.625733879468119,248.50727869761297,578.5671613813302
damping097_fold0_seed17_easy_supported_at_control,FDE,eu-locality-119,4147,64.5774515824812,65.72973460040133,1.7530620272930286,270.5290560144782,483.78380588041233
damping097_fold0_seed17_easy_supported_at_control,FDE,eu-locality-124,2645,81.31435136325413,84.4124249059004,3.670162948286193,371.7975279685446,721.5846967049604
damping097_fold0_seed17_easy_control_at_supported,FDE,eu-locality-007,3935,29.531731028846117,30.3989429494991,2.852769986422421,101.85154087095664,177.28662372270986
damping097_fold0_seed17_easy_control_at_supported,FDE,eu-locality-008,121088,35.5017820656268,36.53765155314232,2.8350740769665927,135.6665990650154,278.7558700973707
damping097_fold0_seed17_easy_control_at_supported,FDE,eu-locality-020,622,14.626388512361808,14.784980358069301,1.0726550990711181,53.963574416924075,99.18086841907973
damping097_fold0_seed17_easy_control_at_supported,FDE,eu-locality-048,5582,57.87721804387913,59.3222642810702,2.435925625401625,211.12744867678185,353.6427976870549
damping097_fold0_seed17_easy_control_at_supported,FDE,eu-locality-067,4600,63.38108671506185,64.59716991132642,1.882564202013659,206.5582058394595,394.0447029702928
damping097_fold0_seed17_easy_control_at_supported,FDE,eu-locality-110,7204,56.648783330500855,58.79692993015807,3.6535013005081995,249.40129791607401,573.4914329688343
damping097_fold0_seed17_easy_control_at_supported,FDE,eu-locality-119,4147,64.80394146263816,65.72973460040133,1.4084845213379493,268.7445843600715,483.78380588041233
damping097_fold0_seed17_easy_control_at_supported,FDE,eu-locality-124,2645,81.71134823290396,84.4124249059004,3.199856746216556,371.7975279685446,721.5846967049604
neural_fold0_seed29_all_control_original,FDE,eu-locality-007,3935,29.162108075346307,30.3989429494991,4.068677243835461,100.80494581815684,177.47588961282636
neural_fold0_seed29_all_control_original,FDE,eu-locality-008,121088,35.104247876750854,36.53765155314232,3.9230865024443173,135.97977604044283,279.52353307019524
neural_fold0_seed29_all_control_original,FDE,eu-locality-020,622,14.486657164579626,14.784980358069301,2.0177449429404026,54.59072831851712,99.18086841907973
neural_fold0_seed29_all_control_original,FDE,eu-locality-048,5582,58.0750621937757,59.3222642810702,2.102418210783774,215.2863082525073,355.1127410078038
neural_fold0_seed29_all_control_original,FDE,eu-locality-067,4600,62.516511623446675,64.59716991132642,3.2209743719978645,206.5582058394595,394.0447029702928
neural_fold0_seed29_all_control_original,FDE,eu-locality-110,7204,56.60834142628786,58.79692993015807,3.722283640438251,249.65678667494663,584.7464834418972
neural_fold0_seed29_all_control_original,FDE,eu-locality-119,4147,64.67905286923661,65.72973460040133,1.5984877126801966,270.05244022945726,484.5542592170748
neural_fold0_seed29_all_control_original,FDE,eu-locality-124,2645,82.58701784060396,84.4124249059004,2.162486230352134,372.26991054728154,749.8979417287693
neural_fold0_seed29_all_supported_original,FDE,eu-locality-007,3935,29.162108075346307,30.3989429494991,4.068677243835461,100.80494581815684,177.47588961282636
neural_fold0_seed29_all_supported_original,FDE,eu-locality-008,121088,35.104247876750854,36.53765155314232,3.9230865024443173,135.97977604044283,279.52353307019524
neural_fold0_seed29_all_supported_original,FDE,eu-locality-020,622,14.486657164579626,14.784980358069301,2.0177449429404026,54.59072831851712,99.18086841907973
neural_fold0_seed29_all_supported_original,FDE,eu-locality-048,5582,58.0750621937757,59.3222642810702,2.102418210783774,215.2863082525073,355.1127410078038
neural_fold0_seed29_all_supported_original,FDE,eu-locality-067,4600,62.516511623446675,64.59716991132642,3.2209743719978645,206.5582058394595,394.0447029702928
neural_fold0_seed29_all_supported_original,FDE,eu-locality-110,7204,56.60834142628786,58.79692993015807,3.722283640438251,249.65678667494663,584.7464834418972
neural_fold0_seed29_all_supported_original,FDE,eu-locality-119,4147,64.67905286923661,65.72973460040133,1.5984877126801966,270.05244022945726,484.5542592170748
neural_fold0_seed29_all_supported_original,FDE,eu-locality-124,2645,82.58701784060396,84.4124249059004,2.162486230352134,372.26991054728154,749.8979417287693
neural_fold0_seed29_all_control_common,FDE,eu-locality-007,3935,29.162108075346307,30.3989429494991,4.068677243835461,100.80494581815684,177.47588961282636
neural_fold0_seed29_all_control_common,FDE,eu-locality-008,121088,35.104247876750854,36.53765155314232,3.9230865024443173,135.97977604044283,279.52353307019524
neural_fold0_seed29_all_control_common,FDE,eu-locality-020,622,14.486657164579626,14.784980358069301,2.0177449429404026,54.59072831851712,99.18086841907973
neural_fold0_seed29_all_control_common,FDE,eu-locality-048,5582,58.0750621937757,59.3222642810702,2.102418210783774,215.2863082525073,355.1127410078038
neural_fold0_seed29_all_control_common,FDE,eu-locality-067,4600,62.516511623446675,64.59716991132642,3.2209743719978645,206.5582058394595,394.0447029702928
neural_fold0_seed29_all_control_common,FDE,eu-locality-110,7204,56.60834142628786,58.79692993015807,3.722283640438251,249.65678667494663,584.7464834418972
neural_fold0_seed29_all_control_common,FDE,eu-locality-119,4147,64.67905286923661,65.72973460040133,1.5984877126801966,270.05244022945726,484.5542592170748
neural_fold0_seed29_all_control_common,FDE,eu-locality-124,2645,82.58701784060396,84.4124249059004,2.162486230352134,372.26991054728154,749.8979417287693
neural_fold0_seed29_all_supported_common,FDE,eu-locality-007,3935,29.162108075346307,30.3989429494991,4.068677243835461,100.80494581815684,177.47588961282636
neural_fold0_seed29_all_supported_common,FDE,eu-locality-008,121088,35.104247876750854,36.53765155314232,3.9230865024443173,135.97977604044283,279.52353307019524
neural_fold0_seed29_all_supported_common,FDE,eu-locality-020,622,14.486657164579626,14.784980358069301,2.0177449429404026,54.59072831851712,99.18086841907973
neural_fold0_seed29_all_supported_common,FDE,eu-locality-048,5582,58.0750621937757,59.3222642810702,2.102418210783774,215.2863082525073,355.1127410078038
neural_fold0_seed29_all_supported_common,FDE,eu-locality-067,4600,62.516511623446675,64.59716991132642,3.2209743719978645,206.5582058394595,394.0447029702928
neural_fold0_seed29_all_supported_common,FDE,eu-locality-110,7204,56.60834142628786,58.79692993015807,3.722283640438251,249.65678667494663,584.7464834418972
neural_fold0_seed29_all_supported_common,FDE,eu-locality-119,4147,64.67905286923661,65.72973460040133,1.5984877126801966,270.05244022945726,484.5542592170748
neural_fold0_seed29_all_supported_common,FDE,eu-locality-124,2645,82.58701784060396,84.4124249059004,2.162486230352134,372.26991054728154,749.8979417287693
neural_fold0_seed29_all_supported_at_control,FDE,eu-locality-007,3935,29.162108075346307,30.3989429494991,4.068677243835461,100.80494581815684,177.47588961282636
neural_fold0_seed29_all_supported_at_control,FDE,eu-locality-008,121088,35.104247876750854,36.53765155314232,3.9230865024443173,135.97977604044283,279.52353307019524
neural_fold0_seed29_all_supported_at_control,FDE,eu-locality-020,622,14.486657164579626,14.784980358069301,2.0177449429404026,54.59072831851712,99.18086841907973
neural_fold0_seed29_all_supported_at_control,FDE,eu-locality-048,5582,58.0750621937757,59.3222642810702,2.102418210783774,215.2863082525073,355.1127410078038
neural_fold0_seed29_all_supported_at_control,FDE,eu-locality-067,4600,62.516511623446675,64.59716991132642,3.2209743719978645,206.5582058394595,394.0447029702928
neural_fold0_seed29_all_supported_at_control,FDE,eu-locality-110,7204,56.60834142628786,58.79692993015807,3.722283640438251,249.65678667494663,584.7464834418972
neural_fold0_seed29_all_supported_at_control,FDE,eu-locality-119,4147,64.67905286923661,65.72973460040133,1.5984877126801966,270.05244022945726,484.5542592170748
neural_fold0_seed29_all_supported_at_control,FDE,eu-locality-124,2645,82.58701784060396,84.4124249059004,2.162486230352134,372.26991054728154,749.8979417287693
neural_fold0_seed29_all_control_at_supported,FDE,eu-locality-007,3935,29.162108075346307,30.3989429494991,4.068677243835461,100.80494581815684,177.47588961282636
neural_fold0_seed29_all_control_at_supported,FDE,eu-locality-008,121088,35.104247876750854,36.53765155314232,3.9230865024443173,135.97977604044283,279.52353307019524
neural_fold0_seed29_all_control_at_supported,FDE,eu-locality-020,622,14.486657164579626,14.784980358069301,2.0177449429404026,54.59072831851712,99.18086841907973
neural_fold0_seed29_all_control_at_supported,FDE,eu-locality-048,5582,58.0750621937757,59.3222642810702,2.102418210783774,215.2863082525073,355.1127410078038
neural_fold0_seed29_all_control_at_supported,FDE,eu-locality-067,4600,62.516511623446675,64.59716991132642,3.2209743719978645,206.5582058394595,394.0447029702928
neural_fold0_seed29_all_control_at_supported,FDE,eu-locality-110,7204,56.60834142628786,58.79692993015807,3.722283640438251,249.65678667494663,584.7464834418972
neural_fold0_seed29_all_control_at_supported,FDE,eu-locality-119,4147,64.67905286923661,65.72973460040133,1.5984877126801966,270.05244022945726,484.5542592170748
neural_fold0_seed29_all_control_at_supported,FDE,eu-locality-124,2645,82.58701784060396,84.4124249059004,2.162486230352134,372.26991054728154,749.8979417287693
neural_fold0_seed29_easy_control_original,FDE,eu-locality-007,3935,30.098572193528515,30.3989429494991,0.9880960547529072,102.630383216675,180.8682328668919
neural_fold0_seed29_easy_control_original,FDE,eu-locality-008,121088,36.35296275653841,36.53765155314232,0.5054752803017037,137.18938307195867,282.06393121697823
neural_fold0_seed29_easy_control_original,FDE,eu-locality-020,622,14.441473476341153,14.784980358069301,2.3233502744605894,54.18434016797015,99.18086841907973
neural_fold0_seed29_easy_control_original,FDE,eu-locality-048,5582,59.1916499776224,59.3222642810702,0.22017754216013818,216.55248685578948,355.1127410078038
neural_fold0_seed29_easy_control_original,FDE,eu-locality-067,4600,64.34604150022471,64.59716991132642,0.3887607018177919,207.16877909819794,394.0447029702928
neural_fold0_seed29_easy_control_original,FDE,eu-locality-110,7204,58.48792675778874,58.79692993015807,0.5255430389586313,251.2881116266286,584.7464834418972
neural_fold0_seed29_easy_control_original,FDE,eu-locality-119,4147,65.59431056207616,65.72973460040133,0.20603162198732372,270.5290560144782,484.5542592170748
neural_fold0_seed29_easy_control_original,FDE,eu-locality-124,2645,84.22058863959343,84.4124249059004,0.2272606983164116,381.9827743206876,749.8979417287693
neural_fold0_seed29_easy_supported_original,FDE,eu-locality-007,3935,30.05390129348103,30.3989429494991,1.1350449145264063,101.97677634025015,180.8682328668919
neural_fold0_seed29_easy_supported_original,FDE,eu-locality-008,121088,36.173879078014515,36.53765155314232,0.9956098973649463,137.17730227634686,282.30913749090433
neural_fold0_seed29_easy_supported_original,FDE,eu-locality-020,622,14.468931755957557,14.784980358069301,2.137632884572971,54.18434016797015,99.18086841907973
neural_fold0_seed29_easy_supported_original,FDE,eu-locality-048,5582,59.129555305315186,59.3222642810702,0.32485101182576637,216.2196458274127,355.1127410078038
neural_fold0_seed29_easy_supported_original,FDE,eu-locality-067,4600,64.37978673124577,64.59716991132642,0.3365212135129969,207.16877909819794,394.0447029702928
neural_fold0_seed29_easy_supported_original,FDE,eu-locality-110,7204,58.35521870613565,58.79692993015807,0.7512487889199448,251.77304034955634,584.7464834418972
neural_fold0_seed29_easy_supported_original,FDE,eu-locality-119,4147,65.56073369753963,65.72973460040133,0.2571148413866631,270.05244022945726,484.5542592170748
neural_fold0_seed29_easy_supported_original,FDE,eu-locality-124,2645,84.12479019590997,84.4124249059004,0.340749256180084,380.9415092093398,758.6173869218879
neural_fold0_seed29_easy_control_common,FDE,eu-locality-007,3935,30.098572193528515,30.3989429494991,0.9880960547529072,102.630383216675,180.8682328668919
neural_fold0_seed29_easy_control_common,FDE,eu-locality-008,121088,36.35296275653841,36.53765155314232,0.5054752803017037,137.18938307195867,282.06393121697823
neural_fold0_seed29_easy_control_common,FDE,eu-locality-020,622,14.441473476341153,14.784980358069301,2.3233502744605894,54.18434016797015,99.18086841907973
neural_fold0_seed29_easy_control_common,FDE,eu-locality-048,5582,59.1916499776224,59.3222642810702,0.22017754216013818,216.55248685578948,355.1127410078038
neural_fold0_seed29_easy_control_common,FDE,eu-locality-067,4600,64.34604150022471,64.59716991132642,0.3887607018177919,207.16877909819794,394.0447029702928
neural_fold0_seed29_easy_control_common,FDE,eu-locality-110,7204,58.48792675778874,58.79692993015807,0.5255430389586313,251.2881116266286,584.7464834418972
neural_fold0_seed29_easy_control_common,FDE,eu-locality-119,4147,65.59431056207616,65.72973460040133,0.20603162198732372,270.5290560144782,484.5542592170748
neural_fold0_seed29_easy_control_common,FDE,eu-locality-124,2645,84.22058863959343,84.4124249059004,0.2272606983164116,381.9827743206876,749.8979417287693
neural_fold0_seed29_easy_supported_common,FDE,eu-locality-007,3935,30.05390129348103,30.3989429494991,1.1350449145264063,101.97677634025015,180.8682328668919
neural_fold0_seed29_easy_supported_common,FDE,eu-locality-008,121088,36.173879078014515,36.53765155314232,0.9956098973649463,137.17730227634686,282.30913749090433
neural_fold0_seed29_easy_supported_common,FDE,eu-locality-020,622,14.468931755957557,14.784980358069301,2.137632884572971,54.18434016797015,99.18086841907973
neural_fold0_seed29_easy_supported_common,FDE,eu-locality-048,5582,59.129555305315186,59.3222642810702,0.32485101182576637,216.2196458274127,355.1127410078038
neural_fold0_seed29_easy_supported_common,FDE,eu-locality-067,4600,64.37978673124577,64.59716991132642,0.3365212135129969,207.16877909819794,394.0447029702928
neural_fold0_seed29_easy_supported_common,FDE,eu-locality-110,7204,58.35521870613565,58.79692993015807,0.7512487889199448,251.77304034955634,584.7464834418972
neural_fold0_seed29_easy_supported_common,FDE,eu-locality-119,4147,65.56073369753963,65.72973460040133,0.2571148413866631,270.05244022945726,484.5542592170748
neural_fold0_seed29_easy_supported_common,FDE,eu-locality-124,2645,84.12479019590997,84.4124249059004,0.340749256180084,380.9415092093398,758.6173869218879
neural_fold0_seed29_easy_supported_at_control,FDE,eu-locality-007,3935,30.08105041214312,30.3989429494991,1.0457354977246647,102.12755623772726,180.8682328668919
neural_fold0_seed29_easy_supported_at_control,FDE,eu-locality-008,121088,36.300190058344384,36.53765155314232,0.6499090245374872,137.18938307195867,282.30913749090433
neural_fold0_seed29_easy_supported_at_control,FDE,eu-locality-020,622,14.454577624203251,14.784980358069301,2.2347187880146446,54.18434016797015,99.18086841907973
neural_fold0_seed29_easy_supported_at_control,FDE,eu-locality-048,5582,59.19219159821109,59.3222642810702,0.21926452814211572,216.2196458274127,355.1127410078038
neural_fold0_seed29_easy_supported_at_control,FDE,eu-locality-067,4600,64.37998121653031,64.59716991132642,0.33622013951113416,207.16877909819794,394.0447029702928
neural_fold0_seed29_easy_supported_at_control,FDE,eu-locality-110,7204,58.47966377702079,58.79692993015807,0.539596461097791,251.77304034955634,584.7464834418972
neural_fold0_seed29_easy_supported_at_control,FDE,eu-locality-119,4147,65.59596230547973,65.72973460040133,0.2035186901861996,270.5290560144782,484.5542592170748
neural_fold0_seed29_easy_supported_at_control,FDE,eu-locality-124,2645,84.16987706448602,84.4124249059004,0.28733665889205673,380.9415092093398,758.6173869218879
neural_fold0_seed29_easy_control_at_supported,FDE,eu-locality-007,3935,30.087966152934023,30.3989429494991,1.022985559339007,102.45327870121463,180.8682328668919
neural_fold0_seed29_easy_control_at_supported,FDE,eu-locality-008,121088,36.24327202430385,36.53765155314232,0.8056881499630797,137.17730227634686,282.06393121697823
neural_fold0_seed29_easy_control_at_supported,FDE,eu-locality-020,622,14.468931755957557,14.784980358069301,2.137632884572971,54.18434016797015,99.18086841907973
neural_fold0_seed29_easy_control_at_supported,FDE,eu-locality-048,5582,59.14418034678191,59.3222642810702,0.3001974662405371,216.55248685578948,355.1127410078038
neural_fold0_seed29_easy_control_at_supported,FDE,eu-locality-067,4600,64.34604150022471,64.59716991132642,0.3887607018177919,207.16877909819794,394.0447029702928
neural_fold0_seed29_easy_control_at_supported,FDE,eu-locality-110,7204,58.33833531684655,58.79692993015807,0.779963535266659,251.2881116266286,578.5671613813302
neural_fold0_seed29_easy_control_at_supported,FDE,eu-locality-119,4147,65.55150300058806,65.72973460040133,0.2711582526489953,270.5290560144782,484.5542592170748
neural_fold0_seed29_easy_control_at_supported,FDE,eu-locality-124,2645,84.18071516819495,84.4124249059004,0.27449719394241345,381.9827743206876,749.8979417287693
damping097_fold0_seed29_all_control_original,FDE,eu-locality-007,3935,28.372107641039527,30.3989429494991,6.667453246077337,100.02395477832108,172.53378749772202
damping097_fold0_seed29_all_control_original,FDE,eu-locality-008,121088,34.34109323893337,36.53765155314232,6.011766549949604,131.48652899297443,274.43922839524953
damping097_fold0_seed29_all_control_original,FDE,eu-locality-020,622,14.612593422488226,14.784980358069301,1.1659598552458683,53.963574416924075,99.18086841907973
damping097_fold0_seed29_all_control_original,FDE,eu-locality-048,5582,55.01758211969788,59.3222642810702,7.256436033824743,208.13415506658168,349.48589659742316
damping097_fold0_seed29_all_control_original,FDE,eu-locality-067,4600,59.52704510660212,64.59716991132642,7.848834262683868,200.19535128243533,385.89675873222586
damping097_fold0_seed29_all_control_original,FDE,eu-locality-110,7204,55.254958143917825,58.79692993015807,6.024076070719298,246.27979906461206,573.1098661318172
damping097_fold0_seed29_all_control_original,FDE,eu-locality-119,4147,62.98883161754782,65.72973460040133,4.169958998795009,254.12139802470284,484.5542592170748
damping097_fold0_seed29_all_control_original,FDE,eu-locality-124,2645,81.55863378389452,84.4124249059004,3.3807714032468184,377.201315538286,749.8979417287693
damping097_fold0_seed29_all_supported_original,FDE,eu-locality-007,3935,28.372107641039527,30.3989429494991,6.667453246077337,100.02395477832108,172.53378749772202
damping097_fold0_seed29_all_supported_original,FDE,eu-locality-008,121088,34.34109323893337,36.53765155314232,6.011766549949604,131.48652899297443,274.43922839524953
damping097_fold0_seed29_all_supported_original,FDE,eu-locality-020,622,14.612593422488226,14.784980358069301,1.1659598552458683,53.963574416924075,99.18086841907973
damping097_fold0_seed29_all_supported_original,FDE,eu-locality-048,5582,55.01758211969788,59.3222642810702,7.256436033824743,208.13415506658168,349.48589659742316
damping097_fold0_seed29_all_supported_original,FDE,eu-locality-067,4600,59.52704510660212,64.59716991132642,7.848834262683868,200.19535128243533,385.89675873222586
damping097_fold0_seed29_all_supported_original,FDE,eu-locality-110,7204,55.254958143917825,58.79692993015807,6.024076070719298,246.27979906461206,573.1098661318172
damping097_fold0_seed29_all_supported_original,FDE,eu-locality-119,4147,62.98883161754782,65.72973460040133,4.169958998795009,254.12139802470284,484.5542592170748
damping097_fold0_seed29_all_supported_original,FDE,eu-locality-124,2645,81.55863378389452,84.4124249059004,3.3807714032468184,377.201315538286,749.8979417287693
damping097_fold0_seed29_all_control_common,FDE,eu-locality-007,3935,28.372107641039527,30.3989429494991,6.667453246077337,100.02395477832108,172.53378749772202
damping097_fold0_seed29_all_control_common,FDE,eu-locality-008,121088,34.34109323893337,36.53765155314232,6.011766549949604,131.48652899297443,274.43922839524953
damping097_fold0_seed29_all_control_common,FDE,eu-locality-020,622,14.612593422488226,14.784980358069301,1.1659598552458683,53.963574416924075,99.18086841907973
damping097_fold0_seed29_all_control_common,FDE,eu-locality-048,5582,55.01758211969788,59.3222642810702,7.256436033824743,208.13415506658168,349.48589659742316
damping097_fold0_seed29_all_control_common,FDE,eu-locality-067,4600,59.52704510660212,64.59716991132642,7.848834262683868,200.19535128243533,385.89675873222586
damping097_fold0_seed29_all_control_common,FDE,eu-locality-110,7204,55.254958143917825,58.79692993015807,6.024076070719298,246.27979906461206,573.1098661318172
damping097_fold0_seed29_all_control_common,FDE,eu-locality-119,4147,62.98883161754782,65.72973460040133,4.169958998795009,254.12139802470284,484.5542592170748
damping097_fold0_seed29_all_control_common,FDE,eu-locality-124,2645,81.55863378389452,84.4124249059004,3.3807714032468184,377.201315538286,749.8979417287693
damping097_fold0_seed29_all_supported_common,FDE,eu-locality-007,3935,28.372107641039527,30.3989429494991,6.667453246077337,100.02395477832108,172.53378749772202
damping097_fold0_seed29_all_supported_common,FDE,eu-locality-008,121088,34.34109323893337,36.53765155314232,6.011766549949604,131.48652899297443,274.43922839524953
damping097_fold0_seed29_all_supported_common,FDE,eu-locality-020,622,14.612593422488226,14.784980358069301,1.1659598552458683,53.963574416924075,99.18086841907973
damping097_fold0_seed29_all_supported_common,FDE,eu-locality-048,5582,55.01758211969788,59.3222642810702,7.256436033824743,208.13415506658168,349.48589659742316
damping097_fold0_seed29_all_supported_common,FDE,eu-locality-067,4600,59.52704510660212,64.59716991132642,7.848834262683868,200.19535128243533,385.89675873222586
damping097_fold0_seed29_all_supported_common,FDE,eu-locality-110,7204,55.254958143917825,58.79692993015807,6.024076070719298,246.27979906461206,573.1098661318172
damping097_fold0_seed29_all_supported_common,FDE,eu-locality-119,4147,62.98883161754782,65.72973460040133,4.169958998795009,254.12139802470284,484.5542592170748
damping097_fold0_seed29_all_supported_common,FDE,eu-locality-124,2645,81.55863378389452,84.4124249059004,3.3807714032468184,377.201315538286,749.8979417287693
damping097_fold0_seed29_all_supported_at_control,FDE,eu-locality-007,3935,28.372107641039527,30.3989429494991,6.667453246077337,100.02395477832108,172.53378749772202
damping097_fold0_seed29_all_supported_at_control,FDE,eu-locality-008,121088,34.34109323893337,36.53765155314232,6.011766549949604,131.48652899297443,274.43922839524953
damping097_fold0_seed29_all_supported_at_control,FDE,eu-locality-020,622,14.612593422488226,14.784980358069301,1.1659598552458683,53.963574416924075,99.18086841907973
damping097_fold0_seed29_all_supported_at_control,FDE,eu-locality-048,5582,55.01758211969788,59.3222642810702,7.256436033824743,208.13415506658168,349.48589659742316
damping097_fold0_seed29_all_supported_at_control,FDE,eu-locality-067,4600,59.52704510660212,64.59716991132642,7.848834262683868,200.19535128243533,385.89675873222586
damping097_fold0_seed29_all_supported_at_control,FDE,eu-locality-110,7204,55.254958143917825,58.79692993015807,6.024076070719298,246.27979906461206,573.1098661318172
damping097_fold0_seed29_all_supported_at_control,FDE,eu-locality-119,4147,62.98883161754782,65.72973460040133,4.169958998795009,254.12139802470284,484.5542592170748
damping097_fold0_seed29_all_supported_at_control,FDE,eu-locality-124,2645,81.55863378389452,84.4124249059004,3.3807714032468184,377.201315538286,749.8979417287693
damping097_fold0_seed29_all_control_at_supported,FDE,eu-locality-007,3935,28.372107641039527,30.3989429494991,6.667453246077337,100.02395477832108,172.53378749772202
damping097_fold0_seed29_all_control_at_supported,FDE,eu-locality-008,121088,34.34109323893337,36.53765155314232,6.011766549949604,131.48652899297443,274.43922839524953
damping097_fold0_seed29_all_control_at_supported,FDE,eu-locality-020,622,14.612593422488226,14.784980358069301,1.1659598552458683,53.963574416924075,99.18086841907973
damping097_fold0_seed29_all_control_at_supported,FDE,eu-locality-048,5582,55.01758211969788,59.3222642810702,7.256436033824743,208.13415506658168,349.48589659742316
damping097_fold0_seed29_all_control_at_supported,FDE,eu-locality-067,4600,59.52704510660212,64.59716991132642,7.848834262683868,200.19535128243533,385.89675873222586
damping097_fold0_seed29_all_control_at_supported,FDE,eu-locality-110,7204,55.254958143917825,58.79692993015807,6.024076070719298,246.27979906461206,573.1098661318172
damping097_fold0_seed29_all_control_at_supported,FDE,eu-locality-119,4147,62.98883161754782,65.72973460040133,4.169958998795009,254.12139802470284,484.5542592170748
damping097_fold0_seed29_all_control_at_supported,FDE,eu-locality-124,2645,81.55863378389452,84.4124249059004,3.3807714032468184,377.201315538286,749.8979417287693
damping097_fold0_seed29_easy_control_original,FDE,eu-locality-007,3935,29.14541896122276,30.3989429494991,4.12357755451821,101.45718098398982,176.88774409296423
damping097_fold0_seed29_easy_control_original,FDE,eu-locality-008,121088,35.48915745788657,36.53765155314232,2.8696264009490657,136.19614748077208,280.0393572801124
damping097_fold0_seed29_easy_control_original,FDE,eu-locality-020,622,14.586775015158029,14.784980358069301,1.3405857709043012,52.375808020598235,102.34943144507893
damping097_fold0_seed29_easy_control_original,FDE,eu-locality-048,5582,58.27989782564663,59.3222642810702,1.7571252008939053,215.40463805815952,355.4563120785641
damping097_fold0_seed29_easy_control_original,FDE,eu-locality-067,4600,63.31938776612455,64.59716991132642,1.9780775952815022,206.16123851284067,394.0447029702928
damping097_fold0_seed29_easy_control_original,FDE,eu-locality-110,7204,56.95129927767492,58.79692993015807,3.138991533529867,250.09531145510581,578.5671613813302
damping097_fold0_seed29_easy_control_original,FDE,eu-locality-119,4147,64.86805611695533,65.72973460040133,1.3109416745473057,269.30334667392214,484.5542592170748
damping097_fold0_seed29_easy_control_original,FDE,eu-locality-124,2645,82.10471308965842,84.4124249059004,2.733853243541484,377.201315538286,721.5846967049604
damping097_fold0_seed29_easy_supported_original,FDE,eu-locality-007,3935,29.995624910572676,30.3989429494991,1.3267502083754934,102.4068405172087,178.8430245622791
damping097_fold0_seed29_easy_supported_original,FDE,eu-locality-008,121088,35.818022359690595,36.53765155314232,1.9695551379514842,137.04208681369437,282.3060936069268
damping097_fold0_seed29_easy_supported_original,FDE,eu-locality-020,622,14.626576485202575,14.784980358069301,1.0713837220640787,53.963574416924075,99.18086841907973
damping097_fold0_seed29_easy_supported_original,FDE,eu-locality-048,5582,58.82128715792696,59.3222642810702,0.8445010135985309,216.2196458274127,355.4563120785641
damping097_fold0_seed29_easy_supported_original,FDE,eu-locality-067,4600,64.19297862601307,64.59716991132642,0.6257105162164045,207.16877909819794,394.0447029702928
damping097_fold0_seed29_easy_supported_original,FDE,eu-locality-110,7204,57.75775321164775,58.79692993015807,1.7673996240019751,251.77304034955634,587.6090239057078
damping097_fold0_seed29_easy_supported_original,FDE,eu-locality-119,4147,65.30565727946637,65.72973460040133,0.6451833763107317,270.5290560144782,484.5542592170748
damping097_fold0_seed29_easy_supported_original,FDE,eu-locality-124,2645,83.5210239373835,84.4124249059004,1.056006825429534,380.9415092093398,749.8979417287693
damping097_fold0_seed29_easy_control_common,FDE,eu-locality-007,3935,29.14541896122276,30.3989429494991,4.12357755451821,101.45718098398982,176.88774409296423
damping097_fold0_seed29_easy_control_common,FDE,eu-locality-008,121088,35.48915745788657,36.53765155314232,2.8696264009490657,136.19614748077208,280.0393572801124
damping097_fold0_seed29_easy_control_common,FDE,eu-locality-020,622,14.586775015158029,14.784980358069301,1.3405857709043012,52.375808020598235,102.34943144507893
damping097_fold0_seed29_easy_control_common,FDE,eu-locality-048,5582,58.27989782564663,59.3222642810702,1.7571252008939053,215.40463805815952,355.4563120785641
damping097_fold0_seed29_easy_control_common,FDE,eu-locality-067,4600,63.31938776612455,64.59716991132642,1.9780775952815022,206.16123851284067,394.0447029702928
damping097_fold0_seed29_easy_control_common,FDE,eu-locality-110,7204,56.95129927767492,58.79692993015807,3.138991533529867,250.09531145510581,578.5671613813302
damping097_fold0_seed29_easy_control_common,FDE,eu-locality-119,4147,64.86805611695533,65.72973460040133,1.3109416745473057,269.30334667392214,484.5542592170748
damping097_fold0_seed29_easy_control_common,FDE,eu-locality-124,2645,82.10471308965842,84.4124249059004,2.733853243541484,377.201315538286,721.5846967049604
damping097_fold0_seed29_easy_supported_common,FDE,eu-locality-007,3935,29.995624910572676,30.3989429494991,1.3267502083754934,102.4068405172087,178.8430245622791
damping097_fold0_seed29_easy_supported_common,FDE,eu-locality-008,121088,35.818022359690595,36.53765155314232,1.9695551379514842,137.04208681369437,282.3060936069268
damping097_fold0_seed29_easy_supported_common,FDE,eu-locality-020,622,14.626576485202575,14.784980358069301,1.0713837220640787,53.963574416924075,99.18086841907973
damping097_fold0_seed29_easy_supported_common,FDE,eu-locality-048,5582,58.82128715792696,59.3222642810702,0.8445010135985309,216.2196458274127,355.4563120785641
damping097_fold0_seed29_easy_supported_common,FDE,eu-locality-067,4600,64.19297862601307,64.59716991132642,0.6257105162164045,207.16877909819794,394.0447029702928
damping097_fold0_seed29_easy_supported_common,FDE,eu-locality-110,7204,57.75775321164775,58.79692993015807,1.7673996240019751,251.77304034955634,587.6090239057078
damping097_fold0_seed29_easy_supported_common,FDE,eu-locality-119,4147,65.30565727946637,65.72973460040133,0.6451833763107317,270.5290560144782,484.5542592170748
damping097_fold0_seed29_easy_supported_common,FDE,eu-locality-124,2645,83.5210239373835,84.4124249059004,1.056006825429534,380.9415092093398,749.8979417287693
damping097_fold0_seed29_easy_supported_at_control,FDE,eu-locality-007,3935,29.233293265450634,30.3989429494991,3.8345072918651413,101.45718098398982,177.79198148897547
damping097_fold0_seed29_easy_supported_at_control,FDE,eu-locality-008,121088,35.61612644864492,36.53765155314232,2.5221246175526124,136.59518694724648,281.9892935375493
damping097_fold0_seed29_easy_supported_at_control,FDE,eu-locality-020,622,14.744352904390308,14.784980358069301,0.27478868889277974,53.963574416924075,102.34943144507893
damping097_fold0_seed29_easy_supported_at_control,FDE,eu-locality-048,5582,58.62497382315431,59.3222642810702,1.1754279213148422,216.05068258726178,355.4563120785641
damping097_fold0_seed29_easy_supported_at_control,FDE,eu-locality-067,4600,63.66099189950019,64.59716991132642,1.4492554598155571,206.76401763569734,394.0447029702928
damping097_fold0_seed29_easy_supported_at_control,FDE,eu-locality-110,7204,57.38296624559959,58.79692993015807,2.404825704740121,251.77304034955634,587.6090239057078
damping097_fold0_seed29_easy_supported_at_control,FDE,eu-locality-119,4147,65.0398736736522,65.72973460040133,1.0495416282190861,269.30334667392214,484.5542592170748
damping097_fold0_seed29_easy_supported_at_control,FDE,eu-locality-124,2645,82.87761376772073,84.4124249059004,1.8182289395081486,379.2183705697583,735.8838210134502
damping097_fold0_seed29_easy_control_at_supported,FDE,eu-locality-007,3935,29.844098548381247,30.3989429494991,1.8252095213955322,102.12755623772726,178.8430245622791
damping097_fold0_seed29_easy_control_at_supported,FDE,eu-locality-008,121088,35.71827561133265,36.53765155314232,2.2425522905267226,136.59981207718224,281.8422427199901
damping097_fold0_seed29_easy_control_at_supported,FDE,eu-locality-020,622,14.640741170098975,14.784980358069301,0.9755791653223489,53.963574416924075,99.18086841907973
damping097_fold0_seed29_easy_control_at_supported,FDE,eu-locality-048,5582,58.637291984802346,59.3222642810702,1.154663100893183,215.2863082525073,356.3667109960735
damping097_fold0_seed29_easy_control_at_supported,FDE,eu-locality-067,4600,63.99442792483317,64.59716991132642,0.93307800840291,206.85976427298237,394.0447029702928
damping097_fold0_seed29_easy_control_at_supported,FDE,eu-locality-110,7204,57.31108327431824,58.79692993015807,2.527082039155437,251.12962827604994,584.5641318790994
damping097_fold0_seed29_easy_control_at_supported,FDE,eu-locality-119,4147,65.14505761924214,65.72973460040133,0.8895167228556322,270.5290560144782,484.5542592170748
damping097_fold0_seed29_easy_control_at_supported,FDE,eu-locality-124,2645,82.7030084552909,84.4124249059004,2.02507682075842,377.201315538286,721.5846967049604
neural_fold0_seed43_all_control_original,FDE,eu-locality-007,3935,28.88266443718768,30.3989429494991,4.987931701540971,101.00026167584178,176.62012939580015
neural_fold0_seed43_all_control_original,FDE,eu-locality-008,121088,34.8761094439197,36.53765155314232,4.547479212795002,135.15510188696732,279.1964018232229
neural_fold0_seed43_all_control_original,FDE,eu-locality-020,622,14.351936102186242,14.784980358069301,2.928947116569647,54.18434016797015,99.18086841907973
neural_fold0_seed43_all_control_original,FDE,eu-locality-048,5582,57.9429454616518,59.3222642810702,2.32512840859066,215.2863082525073,356.0174540908245
neural_fold0_seed43_all_control_original,FDE,eu-locality-067,4600,62.21188126711778,64.59716991132642,3.6925590509351403,206.1504848436635,394.0447029702928
neural_fold0_seed43_all_control_original,FDE,eu-locality-110,7204,56.28616764614913,58.79692993015807,4.270226841760872,247.2911980403843,578.5671613813302
neural_fold0_seed43_all_control_original,FDE,eu-locality-119,4147,64.38199567885229,65.72973460040133,2.0504250165355287,269.4692782031472,484.5542592170748
neural_fold0_seed43_all_control_original,FDE,eu-locality-124,2645,81.91565884309396,84.4124249059004,2.957818195117279,371.7975279685446,732.5492510630884
neural_fold0_seed43_all_supported_original,FDE,eu-locality-007,3935,28.88266443718768,30.3989429494991,4.987931701540971,101.00026167584178,176.62012939580015
neural_fold0_seed43_all_supported_original,FDE,eu-locality-008,121088,34.8761094439197,36.53765155314232,4.547479212795002,135.15510188696732,279.1964018232229
neural_fold0_seed43_all_supported_original,FDE,eu-locality-020,622,14.351936102186242,14.784980358069301,2.928947116569647,54.18434016797015,99.18086841907973
neural_fold0_seed43_all_supported_original,FDE,eu-locality-048,5582,57.9429454616518,59.3222642810702,2.32512840859066,215.2863082525073,356.0174540908245
neural_fold0_seed43_all_supported_original,FDE,eu-locality-067,4600,62.21188126711778,64.59716991132642,3.6925590509351403,206.1504848436635,394.0447029702928
neural_fold0_seed43_all_supported_original,FDE,eu-locality-110,7204,56.28616764614913,58.79692993015807,4.270226841760872,247.2911980403843,578.5671613813302
neural_fold0_seed43_all_supported_original,FDE,eu-locality-119,4147,64.38199567885229,65.72973460040133,2.0504250165355287,269.4692782031472,484.5542592170748
neural_fold0_seed43_all_supported_original,FDE,eu-locality-124,2645,81.91565884309396,84.4124249059004,2.957818195117279,371.7975279685446,732.5492510630884
neural_fold0_seed43_all_control_common,FDE,eu-locality-007,3935,28.88266443718768,30.3989429494991,4.987931701540971,101.00026167584178,176.62012939580015
neural_fold0_seed43_all_control_common,FDE,eu-locality-008,121088,34.8761094439197,36.53765155314232,4.547479212795002,135.15510188696732,279.1964018232229
neural_fold0_seed43_all_control_common,FDE,eu-locality-020,622,14.351936102186242,14.784980358069301,2.928947116569647,54.18434016797015,99.18086841907973
neural_fold0_seed43_all_control_common,FDE,eu-locality-048,5582,57.9429454616518,59.3222642810702,2.32512840859066,215.2863082525073,356.0174540908245
neural_fold0_seed43_all_control_common,FDE,eu-locality-067,4600,62.21188126711778,64.59716991132642,3.6925590509351403,206.1504848436635,394.0447029702928
neural_fold0_seed43_all_control_common,FDE,eu-locality-110,7204,56.28616764614913,58.79692993015807,4.270226841760872,247.2911980403843,578.5671613813302
neural_fold0_seed43_all_control_common,FDE,eu-locality-119,4147,64.38199567885229,65.72973460040133,2.0504250165355287,269.4692782031472,484.5542592170748
neural_fold0_seed43_all_control_common,FDE,eu-locality-124,2645,81.91565884309396,84.4124249059004,2.957818195117279,371.7975279685446,732.5492510630884
neural_fold0_seed43_all_supported_common,FDE,eu-locality-007,3935,28.88266443718768,30.3989429494991,4.987931701540971,101.00026167584178,176.62012939580015
neural_fold0_seed43_all_supported_common,FDE,eu-locality-008,121088,34.8761094439197,36.53765155314232,4.547479212795002,135.15510188696732,279.1964018232229
neural_fold0_seed43_all_supported_common,FDE,eu-locality-020,622,14.351936102186242,14.784980358069301,2.928947116569647,54.18434016797015,99.18086841907973
neural_fold0_seed43_all_supported_common,FDE,eu-locality-048,5582,57.9429454616518,59.3222642810702,2.32512840859066,215.2863082525073,356.0174540908245
neural_fold0_seed43_all_supported_common,FDE,eu-locality-067,4600,62.21188126711778,64.59716991132642,3.6925590509351403,206.1504848436635,394.0447029702928
neural_fold0_seed43_all_supported_common,FDE,eu-locality-110,7204,56.28616764614913,58.79692993015807,4.270226841760872,247.2911980403843,578.5671613813302
neural_fold0_seed43_all_supported_common,FDE,eu-locality-119,4147,64.38199567885229,65.72973460040133,2.0504250165355287,269.4692782031472,484.5542592170748
neural_fold0_seed43_all_supported_common,FDE,eu-locality-124,2645,81.91565884309396,84.4124249059004,2.957818195117279,371.7975279685446,732.5492510630884
neural_fold0_seed43_all_supported_at_control,FDE,eu-locality-007,3935,28.88266443718768,30.3989429494991,4.987931701540971,101.00026167584178,176.62012939580015
neural_fold0_seed43_all_supported_at_control,FDE,eu-locality-008,121088,34.8761094439197,36.53765155314232,4.547479212795002,135.15510188696732,279.1964018232229
neural_fold0_seed43_all_supported_at_control,FDE,eu-locality-020,622,14.351936102186242,14.784980358069301,2.928947116569647,54.18434016797015,99.18086841907973
neural_fold0_seed43_all_supported_at_control,FDE,eu-locality-048,5582,57.9429454616518,59.3222642810702,2.32512840859066,215.2863082525073,356.0174540908245
neural_fold0_seed43_all_supported_at_control,FDE,eu-locality-067,4600,62.21188126711778,64.59716991132642,3.6925590509351403,206.1504848436635,394.0447029702928
neural_fold0_seed43_all_supported_at_control,FDE,eu-locality-110,7204,56.28616764614913,58.79692993015807,4.270226841760872,247.2911980403843,578.5671613813302
neural_fold0_seed43_all_supported_at_control,FDE,eu-locality-119,4147,64.38199567885229,65.72973460040133,2.0504250165355287,269.4692782031472,484.5542592170748
neural_fold0_seed43_all_supported_at_control,FDE,eu-locality-124,2645,81.91565884309396,84.4124249059004,2.957818195117279,371.7975279685446,732.5492510630884
neural_fold0_seed43_all_control_at_supported,FDE,eu-locality-007,3935,28.88266443718768,30.3989429494991,4.987931701540971,101.00026167584178,176.62012939580015
neural_fold0_seed43_all_control_at_supported,FDE,eu-locality-008,121088,34.8761094439197,36.53765155314232,4.547479212795002,135.15510188696732,279.1964018232229
neural_fold0_seed43_all_control_at_supported,FDE,eu-locality-020,622,14.351936102186242,14.784980358069301,2.928947116569647,54.18434016797015,99.18086841907973
neural_fold0_seed43_all_control_at_supported,FDE,eu-locality-048,5582,57.9429454616518,59.3222642810702,2.32512840859066,215.2863082525073,356.0174540908245
neural_fold0_seed43_all_control_at_supported,FDE,eu-locality-067,4600,62.21188126711778,64.59716991132642,3.6925590509351403,206.1504848436635,394.0447029702928
neural_fold0_seed43_all_control_at_supported,FDE,eu-locality-110,7204,56.28616764614913,58.79692993015807,4.270226841760872,247.2911980403843,578.5671613813302
neural_fold0_seed43_all_control_at_supported,FDE,eu-locality-119,4147,64.38199567885229,65.72973460040133,2.0504250165355287,269.4692782031472,484.5542592170748
neural_fold0_seed43_all_control_at_supported,FDE,eu-locality-124,2645,81.91565884309396,84.4124249059004,2.957818195117279,371.7975279685446,732.5492510630884
neural_fold0_seed43_easy_control_original,FDE,eu-locality-007,3935,30.217723732296804,30.3989429494991,0.5961365745623226,103.4037463575082,180.8682328668919
neural_fold0_seed43_easy_control_original,FDE,eu-locality-008,121088,36.09426880362571,36.53765155314232,1.2134954784155383,137.16580270456194,282.02890955461953
neural_fold0_seed43_easy_control_original,FDE,eu-locality-020,622,14.450859303274042,14.784980358069301,2.2598681006221533,54.18434016797015,99.18086841907973
neural_fold0_seed43_easy_control_original,FDE,eu-locality-048,5582,59.210150598036705,59.3222642810702,0.1889909031494441,216.61283375128605,356.0174540908245
neural_fold0_seed43_easy_control_original,FDE,eu-locality-067,4600,64.41507457286329,64.59716991132642,0.28189367848946434,207.16877909819794,394.0447029702928
neural_fold0_seed43_easy_control_original,FDE,eu-locality-110,7204,58.311989787897865,58.79692993015807,0.8247711961087867,251.63945099324982,578.5671613813302
neural_fold0_seed43_easy_control_original,FDE,eu-locality-119,4147,65.62752160446941,65.72973460040133,0.15550495761669225,270.5290560144782,484.5542592170748
neural_fold0_seed43_easy_control_original,FDE,eu-locality-124,2645,84.0144816753162,84.4124249059004,0.47142731775304814,380.9415092093398,749.8979417287693
neural_fold0_seed43_easy_supported_original,FDE,eu-locality-007,3935,30.191687983996385,30.3989429494991,0.6817834615072793,103.4037463575082,180.8682328668919
neural_fold0_seed43_easy_supported_original,FDE,eu-locality-008,121088,36.14988583054153,36.53765155314232,1.0612770830024543,137.17730227634686,282.06393121697823
neural_fold0_seed43_easy_supported_original,FDE,eu-locality-020,622,14.430045068478815,14.784980358069301,2.4006476910655494,54.18434016797015,99.18086841907973
neural_fold0_seed43_easy_supported_original,FDE,eu-locality-048,5582,59.215099101099725,59.3222642810702,0.18064917323911134,216.61283375128605,356.0174540908245
neural_fold0_seed43_easy_supported_original,FDE,eu-locality-067,4600,64.39242900192895,64.59716991132642,0.31695027766467376,207.16877909819794,394.0447029702928
neural_fold0_seed43_easy_supported_original,FDE,eu-locality-110,7204,58.30333268418037,58.79692993015807,0.8394949303713983,251.2881116266286,578.5671613813302
neural_fold0_seed43_easy_supported_original,FDE,eu-locality-119,4147,65.62698364785405,65.72973460040133,0.15632339484092928,270.5290560144782,484.5542592170748
neural_fold0_seed43_easy_supported_original,FDE,eu-locality-124,2645,84.12543879730677,84.4124249059004,0.339980884228297,380.9415092093398,749.8979417287693
neural_fold0_seed43_easy_control_common,FDE,eu-locality-007,3935,30.217723732296804,30.3989429494991,0.5961365745623226,103.4037463575082,180.8682328668919
neural_fold0_seed43_easy_control_common,FDE,eu-locality-008,121088,36.09426880362571,36.53765155314232,1.2134954784155383,137.16580270456194,282.02890955461953
neural_fold0_seed43_easy_control_common,FDE,eu-locality-020,622,14.450859303274042,14.784980358069301,2.2598681006221533,54.18434016797015,99.18086841907973
neural_fold0_seed43_easy_control_common,FDE,eu-locality-048,5582,59.210150598036705,59.3222642810702,0.1889909031494441,216.61283375128605,356.0174540908245
neural_fold0_seed43_easy_control_common,FDE,eu-locality-067,4600,64.41507457286329,64.59716991132642,0.28189367848946434,207.16877909819794,394.0447029702928
neural_fold0_seed43_easy_control_common,FDE,eu-locality-110,7204,58.311989787897865,58.79692993015807,0.8247711961087867,251.63945099324982,578.5671613813302
neural_fold0_seed43_easy_control_common,FDE,eu-locality-119,4147,65.62752160446941,65.72973460040133,0.15550495761669225,270.5290560144782,484.5542592170748
neural_fold0_seed43_easy_control_common,FDE,eu-locality-124,2645,84.0144816753162,84.4124249059004,0.47142731775304814,380.9415092093398,749.8979417287693
neural_fold0_seed43_easy_supported_common,FDE,eu-locality-007,3935,30.191687983996385,30.3989429494991,0.6817834615072793,103.4037463575082,180.8682328668919
neural_fold0_seed43_easy_supported_common,FDE,eu-locality-008,121088,36.14988583054153,36.53765155314232,1.0612770830024543,137.17730227634686,282.06393121697823
neural_fold0_seed43_easy_supported_common,FDE,eu-locality-020,622,14.430045068478815,14.784980358069301,2.4006476910655494,54.18434016797015,99.18086841907973
neural_fold0_seed43_easy_supported_common,FDE,eu-locality-048,5582,59.215099101099725,59.3222642810702,0.18064917323911134,216.61283375128605,356.0174540908245
neural_fold0_seed43_easy_supported_common,FDE,eu-locality-067,4600,64.39242900192895,64.59716991132642,0.31695027766467376,207.16877909819794,394.0447029702928
neural_fold0_seed43_easy_supported_common,FDE,eu-locality-110,7204,58.30333268418037,58.79692993015807,0.8394949303713983,251.2881116266286,578.5671613813302
neural_fold0_seed43_easy_supported_common,FDE,eu-locality-119,4147,65.62698364785405,65.72973460040133,0.15632339484092928,270.5290560144782,484.5542592170748
neural_fold0_seed43_easy_supported_common,FDE,eu-locality-124,2645,84.12543879730677,84.4124249059004,0.339980884228297,380.9415092093398,749.8979417287693
neural_fold0_seed43_easy_supported_at_control,FDE,eu-locality-007,3935,30.199583427099196,30.3989429494991,0.6558107060863794,103.4037463575082,180.8682328668919
neural_fold0_seed43_easy_supported_at_control,FDE,eu-locality-008,121088,36.089330760062694,36.53765155314232,1.2270104235559964,137.19277561422595,282.06393121697823
neural_fold0_seed43_easy_supported_at_control,FDE,eu-locality-020,622,14.44837318943708,14.784980358069301,2.276683231767096,54.18434016797015,99.18086841907973
neural_fold0_seed43_easy_supported_at_control,FDE,eu-locality-048,5582,59.21167036129237,59.3222642810702,0.18642902646774928,216.61283375128605,356.0174540908245
neural_fold0_seed43_easy_supported_at_control,FDE,eu-locality-067,4600,64.40705333774301,64.59716991132642,0.29431099511694203,207.16877909819794,394.0447029702928
neural_fold0_seed43_easy_supported_at_control,FDE,eu-locality-110,7204,58.28520431218146,58.79692993015807,0.8703271048071115,251.2881116266286,578.5671613813302
neural_fold0_seed43_easy_supported_at_control,FDE,eu-locality-119,4147,65.62520913068747,65.72973460040133,0.1590231123696384,270.5290560144782,484.5542592170748
neural_fold0_seed43_easy_supported_at_control,FDE,eu-locality-124,2645,84.12543879730677,84.4124249059004,0.339980884228297,380.9415092093398,749.8979417287693
neural_fold0_seed43_easy_control_at_supported,FDE,eu-locality-007,3935,30.199488011963624,30.3989429494991,0.6561245825778439,102.96456780800754,180.8682328668919
neural_fold0_seed43_easy_control_at_supported,FDE,eu-locality-008,121088,36.151508690870116,36.53765155314232,1.0568354720625006,137.16580270456194,282.02890955461953
neural_fold0_seed43_easy_control_at_supported,FDE,eu-locality-020,622,14.43919205790326,14.784980358069301,2.3387809235561052,54.18434016797015,99.18086841907973
neural_fold0_seed43_easy_control_at_supported,FDE,eu-locality-048,5582,59.213654342517174,59.3222642810702,0.18308461396285836,216.61283375128605,356.0174540908245
neural_fold0_seed43_easy_control_at_supported,FDE,eu-locality-067,4600,64.4113589611371,64.59716991132642,0.28764565141845555,207.16877909819794,394.0447029702928
neural_fold0_seed43_easy_control_at_supported,FDE,eu-locality-110,7204,58.32996999427799,58.79692993015807,0.7941910171751498,251.63945099324982,578.5671613813302
neural_fold0_seed43_easy_control_at_supported,FDE,eu-locality-119,4147,65.6280017580779,65.72973460040133,0.1547744608157986,270.5290560144782,484.5542592170748
neural_fold0_seed43_easy_control_at_supported,FDE,eu-locality-124,2645,84.01502820835098,84.4124249059004,0.4707798620788517,380.9415092093398,749.8979417287693
damping097_fold0_seed43_all_control_original,FDE,eu-locality-007,3935,28.209237996489684,30.3989429494991,7.2032272853931545,99.71622877416675,172.03509423307665
damping097_fold0_seed43_all_control_original,FDE,eu-locality-008,121088,34.17539356348586,36.53765155314232,6.465270451826011,130.79520868983516,273.42605182123435
damping097_fold0_seed43_all_control_original,FDE,eu-locality-020,622,14.57224863200849,14.784980358069301,1.4388367174577033,52.375808020598235,102.34943144507893
damping097_fold0_seed43_all_control_original,FDE,eu-locality-048,5582,54.56033906343204,59.3222642810702,8.02721419242538,202.36516697858983,337.21152693945004
damping097_fold0_seed43_all_control_original,FDE,eu-locality-067,4600,59.32736843185694,64.59716991132642,8.157944824368347,198.57613414719535,385.15124900395807
damping097_fold0_seed43_all_control_original,FDE,eu-locality-110,7204,54.84907336667676,58.79692993015807,6.714392346965681,245.14908339662736,564.7361848371015
damping097_fold0_seed43_all_control_original,FDE,eu-locality-119,4147,62.453553115531065,65.72973460040133,4.984321791024337,247.65820096318893,483.4758761751312
damping097_fold0_seed43_all_control_original,FDE,eu-locality-124,2645,80.89193498448505,84.4124249059004,4.170582619015917,369.6380478107621,717.4852338748225
damping097_fold0_seed43_all_supported_original,FDE,eu-locality-007,3935,28.209237996489684,30.3989429494991,7.2032272853931545,99.71622877416675,172.03509423307665
damping097_fold0_seed43_all_supported_original,FDE,eu-locality-008,121088,34.17539356348586,36.53765155314232,6.465270451826011,130.79520868983516,273.42605182123435
damping097_fold0_seed43_all_supported_original,FDE,eu-locality-020,622,14.57224863200849,14.784980358069301,1.4388367174577033,52.375808020598235,102.34943144507893
damping097_fold0_seed43_all_supported_original,FDE,eu-locality-048,5582,54.56033906343204,59.3222642810702,8.02721419242538,202.36516697858983,337.21152693945004
damping097_fold0_seed43_all_supported_original,FDE,eu-locality-067,4600,59.32736843185694,64.59716991132642,8.157944824368347,198.57613414719535,385.15124900395807
damping097_fold0_seed43_all_supported_original,FDE,eu-locality-110,7204,54.84907336667676,58.79692993015807,6.714392346965681,245.14908339662736,564.7361848371015
damping097_fold0_seed43_all_supported_original,FDE,eu-locality-119,4147,62.453553115531065,65.72973460040133,4.984321791024337,247.65820096318893,483.4758761751312
damping097_fold0_seed43_all_supported_original,FDE,eu-locality-124,2645,80.89193498448505,84.4124249059004,4.170582619015917,369.6380478107621,717.4852338748225
damping097_fold0_seed43_all_control_common,FDE,eu-locality-007,3935,28.209237996489684,30.3989429494991,7.2032272853931545,99.71622877416675,172.03509423307665
damping097_fold0_seed43_all_control_common,FDE,eu-locality-008,121088,34.17539356348586,36.53765155314232,6.465270451826011,130.79520868983516,273.42605182123435
damping097_fold0_seed43_all_control_common,FDE,eu-locality-020,622,14.57224863200849,14.784980358069301,1.4388367174577033,52.375808020598235,102.34943144507893
damping097_fold0_seed43_all_control_common,FDE,eu-locality-048,5582,54.56033906343204,59.3222642810702,8.02721419242538,202.36516697858983,337.21152693945004
damping097_fold0_seed43_all_control_common,FDE,eu-locality-067,4600,59.32736843185694,64.59716991132642,8.157944824368347,198.57613414719535,385.15124900395807
damping097_fold0_seed43_all_control_common,FDE,eu-locality-110,7204,54.84907336667676,58.79692993015807,6.714392346965681,245.14908339662736,564.7361848371015
damping097_fold0_seed43_all_control_common,FDE,eu-locality-119,4147,62.453553115531065,65.72973460040133,4.984321791024337,247.65820096318893,483.4758761751312
damping097_fold0_seed43_all_control_common,FDE,eu-locality-124,2645,80.89193498448505,84.4124249059004,4.170582619015917,369.6380478107621,717.4852338748225
damping097_fold0_seed43_all_supported_common,FDE,eu-locality-007,3935,28.209237996489684,30.3989429494991,7.2032272853931545,99.71622877416675,172.03509423307665
damping097_fold0_seed43_all_supported_common,FDE,eu-locality-008,121088,34.17539356348586,36.53765155314232,6.465270451826011,130.79520868983516,273.42605182123435
damping097_fold0_seed43_all_supported_common,FDE,eu-locality-020,622,14.57224863200849,14.784980358069301,1.4388367174577033,52.375808020598235,102.34943144507893
damping097_fold0_seed43_all_supported_common,FDE,eu-locality-048,5582,54.56033906343204,59.3222642810702,8.02721419242538,202.36516697858983,337.21152693945004
damping097_fold0_seed43_all_supported_common,FDE,eu-locality-067,4600,59.32736843185694,64.59716991132642,8.157944824368347,198.57613414719535,385.15124900395807
damping097_fold0_seed43_all_supported_common,FDE,eu-locality-110,7204,54.84907336667676,58.79692993015807,6.714392346965681,245.14908339662736,564.7361848371015
damping097_fold0_seed43_all_supported_common,FDE,eu-locality-119,4147,62.453553115531065,65.72973460040133,4.984321791024337,247.65820096318893,483.4758761751312
damping097_fold0_seed43_all_supported_common,FDE,eu-locality-124,2645,80.89193498448505,84.4124249059004,4.170582619015917,369.6380478107621,717.4852338748225
damping097_fold0_seed43_all_supported_at_control,FDE,eu-locality-007,3935,28.209237996489684,30.3989429494991,7.2032272853931545,99.71622877416675,172.03509423307665
damping097_fold0_seed43_all_supported_at_control,FDE,eu-locality-008,121088,34.17539356348586,36.53765155314232,6.465270451826011,130.79520868983516,273.42605182123435
damping097_fold0_seed43_all_supported_at_control,FDE,eu-locality-020,622,14.57224863200849,14.784980358069301,1.4388367174577033,52.375808020598235,102.34943144507893
damping097_fold0_seed43_all_supported_at_control,FDE,eu-locality-048,5582,54.56033906343204,59.3222642810702,8.02721419242538,202.36516697858983,337.21152693945004
damping097_fold0_seed43_all_supported_at_control,FDE,eu-locality-067,4600,59.32736843185694,64.59716991132642,8.157944824368347,198.57613414719535,385.15124900395807
damping097_fold0_seed43_all_supported_at_control,FDE,eu-locality-110,7204,54.84907336667676,58.79692993015807,6.714392346965681,245.14908339662736,564.7361848371015
damping097_fold0_seed43_all_supported_at_control,FDE,eu-locality-119,4147,62.453553115531065,65.72973460040133,4.984321791024337,247.65820096318893,483.4758761751312
damping097_fold0_seed43_all_supported_at_control,FDE,eu-locality-124,2645,80.89193498448505,84.4124249059004,4.170582619015917,369.6380478107621,717.4852338748225
damping097_fold0_seed43_all_control_at_supported,FDE,eu-locality-007,3935,28.209237996489684,30.3989429494991,7.2032272853931545,99.71622877416675,172.03509423307665
damping097_fold0_seed43_all_control_at_supported,FDE,eu-locality-008,121088,34.17539356348586,36.53765155314232,6.465270451826011,130.79520868983516,273.42605182123435
damping097_fold0_seed43_all_control_at_supported,FDE,eu-locality-020,622,14.57224863200849,14.784980358069301,1.4388367174577033,52.375808020598235,102.34943144507893
damping097_fold0_seed43_all_control_at_supported,FDE,eu-locality-048,5582,54.56033906343204,59.3222642810702,8.02721419242538,202.36516697858983,337.21152693945004
damping097_fold0_seed43_all_control_at_supported,FDE,eu-locality-067,4600,59.32736843185694,64.59716991132642,8.157944824368347,198.57613414719535,385.15124900395807
damping097_fold0_seed43_all_control_at_supported,FDE,eu-locality-110,7204,54.84907336667676,58.79692993015807,6.714392346965681,245.14908339662736,564.7361848371015
damping097_fold0_seed43_all_control_at_supported,FDE,eu-locality-119,4147,62.453553115531065,65.72973460040133,4.984321791024337,247.65820096318893,483.4758761751312
damping097_fold0_seed43_all_control_at_supported,FDE,eu-locality-124,2645,80.89193498448505,84.4124249059004,4.170582619015917,369.6380478107621,717.4852338748225
damping097_fold0_seed43_easy_control_original,FDE,eu-locality-007,3935,29.449352652271536,30.3989429494991,3.123760911045803,101.33994921105156,177.28662372270986
damping097_fold0_seed43_easy_control_original,FDE,eu-locality-008,121088,35.341975472096145,36.53765155314232,3.2724491865798178,135.62372185730172,278.18445405426536
damping097_fold0_seed43_easy_control_original,FDE,eu-locality-020,622,14.732291708327182,14.784980358069301,0.3563660449055872,53.963574416924075,99.18086841907973
damping097_fold0_seed43_easy_control_original,FDE,eu-locality-048,5582,57.844860712654416,59.3222642810702,2.490470629064001,213.72773939501187,355.0151813798374
damping097_fold0_seed43_easy_control_original,FDE,eu-locality-067,4600,62.95330546526433,64.59716991132642,2.544793290973346,203.65453272263986,394.0447029702928
damping097_fold0_seed43_easy_control_original,FDE,eu-locality-110,7204,56.62284196040676,58.79692993015807,3.697621580469934,249.40129791607401,584.5641318790994
damping097_fold0_seed43_easy_control_original,FDE,eu-locality-119,4147,64.21549167388754,65.72973460040133,2.303741123738756,265.5375580788197,483.4758761751312
damping097_fold0_seed43_easy_control_original,FDE,eu-locality-124,2645,81.77982164878873,84.4124249059004,3.118739048246022,372.2649807819272,720.1447590929055
damping097_fold0_seed43_easy_supported_original,FDE,eu-locality-007,3935,29.795144483831965,30.3989429494991,1.9862482280065152,101.85154087095664,177.28662372270986
damping097_fold0_seed43_easy_supported_original,FDE,eu-locality-008,121088,35.65408500399424,36.53765155314232,2.4182357420070355,136.47274896432276,281.53387625857965
damping097_fold0_seed43_easy_supported_original,FDE,eu-locality-020,622,14.605125276558345,14.784980358069301,1.216471562052468,53.963574416924075,99.18086841907973
damping097_fold0_seed43_easy_supported_original,FDE,eu-locality-048,5582,58.545104857421144,59.3222642810702,1.3100636549657874,215.2863082525073,355.0151813798374
damping097_fold0_seed43_easy_supported_original,FDE,eu-locality-067,4600,63.88836945528907,64.59716991132642,1.0972623986628571,206.79496247861942,394.0447029702928
damping097_fold0_seed43_easy_supported_original,FDE,eu-locality-110,7204,57.269559476261996,58.79692993015807,2.5977044306741193,251.12962827604994,584.5641318790994
damping097_fold0_seed43_easy_supported_original,FDE,eu-locality-119,4147,65.16507417525342,65.72973460040133,0.8590639055226945,270.5290560144782,484.5542592170748
damping097_fold0_seed43_easy_supported_original,FDE,eu-locality-124,2645,82.8333078261161,84.4124249059004,1.8707164040656754,379.2183705697583,729.699337494015
damping097_fold0_seed43_easy_control_common,FDE,eu-locality-007,3935,29.449352652271536,30.3989429494991,3.123760911045803,101.33994921105156,177.28662372270986
damping097_fold0_seed43_easy_control_common,FDE,eu-locality-008,121088,35.341975472096145,36.53765155314232,3.2724491865798178,135.62372185730172,278.18445405426536
damping097_fold0_seed43_easy_control_common,FDE,eu-locality-020,622,14.732291708327182,14.784980358069301,0.3563660449055872,53.963574416924075,99.18086841907973
damping097_fold0_seed43_easy_control_common,FDE,eu-locality-048,5582,57.844860712654416,59.3222642810702,2.490470629064001,213.72773939501187,355.0151813798374
damping097_fold0_seed43_easy_control_common,FDE,eu-locality-067,4600,62.95330546526433,64.59716991132642,2.544793290973346,203.65453272263986,394.0447029702928
damping097_fold0_seed43_easy_control_common,FDE,eu-locality-110,7204,56.62284196040676,58.79692993015807,3.697621580469934,249.40129791607401,584.5641318790994
damping097_fold0_seed43_easy_control_common,FDE,eu-locality-119,4147,64.21549167388754,65.72973460040133,2.303741123738756,265.5375580788197,483.4758761751312
damping097_fold0_seed43_easy_control_common,FDE,eu-locality-124,2645,81.77982164878873,84.4124249059004,3.118739048246022,372.2649807819272,720.1447590929055
damping097_fold0_seed43_easy_supported_common,FDE,eu-locality-007,3935,29.795144483831965,30.3989429494991,1.9862482280065152,101.85154087095664,177.28662372270986
damping097_fold0_seed43_easy_supported_common,FDE,eu-locality-008,121088,35.65408500399424,36.53765155314232,2.4182357420070355,136.47274896432276,281.53387625857965
damping097_fold0_seed43_easy_supported_common,FDE,eu-locality-020,622,14.605125276558345,14.784980358069301,1.216471562052468,53.963574416924075,99.18086841907973
damping097_fold0_seed43_easy_supported_common,FDE,eu-locality-048,5582,58.545104857421144,59.3222642810702,1.3100636549657874,215.2863082525073,355.0151813798374
damping097_fold0_seed43_easy_supported_common,FDE,eu-locality-067,4600,63.88836945528907,64.59716991132642,1.0972623986628571,206.79496247861942,394.0447029702928
damping097_fold0_seed43_easy_supported_common,FDE,eu-locality-110,7204,57.269559476261996,58.79692993015807,2.5977044306741193,251.12962827604994,584.5641318790994
damping097_fold0_seed43_easy_supported_common,FDE,eu-locality-119,4147,65.16507417525342,65.72973460040133,0.8590639055226945,270.5290560144782,484.5542592170748
damping097_fold0_seed43_easy_supported_common,FDE,eu-locality-124,2645,82.8333078261161,84.4124249059004,1.8707164040656754,379.2183705697583,729.699337494015
damping097_fold0_seed43_easy_supported_at_control,FDE,eu-locality-007,3935,29.51243522371507,30.3989429494991,2.916245236739845,101.66140530226838,177.28662372270986
damping097_fold0_seed43_easy_supported_at_control,FDE,eu-locality-008,121088,35.434539062488724,36.53765155314232,3.0191116389874373,136.01940688824925,279.9716870833515
damping097_fold0_seed43_easy_supported_at_control,FDE,eu-locality-020,622,14.57515743325317,14.784980358069301,1.419162688989406,53.963574416924075,99.18086841907973
damping097_fold0_seed43_easy_supported_at_control,FDE,eu-locality-048,5582,58.147189927182154,59.3222642810702,1.9808319323762036,214.87296264126485,355.0151813798374
damping097_fold0_seed43_easy_supported_at_control,FDE,eu-locality-067,4600,63.43580708388472,64.59716991132642,1.7978540376241248,206.1504848436635,394.0447029702928
damping097_fold0_seed43_easy_supported_at_control,FDE,eu-locality-110,7204,56.94322754147908,58.79692993015807,3.152719692815442,249.65509187266758,584.5641318790994
damping097_fold0_seed43_easy_supported_at_control,FDE,eu-locality-119,4147,64.8966430309593,65.72973460040133,1.2674500734055072,268.7445843600715,484.5542592170748
damping097_fold0_seed43_easy_supported_at_control,FDE,eu-locality-124,2645,82.31205433722819,84.4124249059004,2.4882244184000313,379.2183705697583,729.699337494015
damping097_fold0_seed43_easy_control_at_supported,FDE,eu-locality-007,3935,29.633820344526402,30.3989429494991,2.516938191712048,101.61101498356594,177.28662372270986
damping097_fold0_seed43_easy_control_at_supported,FDE,eu-locality-008,121088,35.5335141282802,36.53765155314232,2.748226506571294,135.90285880910525,279.4914706315453
damping097_fold0_seed43_easy_control_at_supported,FDE,eu-locality-020,622,14.691532539729668,14.784980358069301,0.6320456035549094,53.963574416924075,99.18086841907973
damping097_fold0_seed43_easy_control_at_supported,FDE,eu-locality-048,5582,58.271438253331056,59.3222642810702,1.7713855674158063,214.07497285874004,355.0151813798374
damping097_fold0_seed43_easy_control_at_supported,FDE,eu-locality-067,4600,63.3908084608987,64.59716991132642,1.8675144005282474,204.9623069354401,394.0447029702928
damping097_fold0_seed43_easy_control_at_supported,FDE,eu-locality-110,7204,56.91484834176124,58.79692993015807,3.2009861580059695,249.65509187266758,584.5641318790994
damping097_fold0_seed43_easy_control_at_supported,FDE,eu-locality-119,4147,64.64986571427103,65.72973460040133,1.6428925092962454,265.6415822914681,484.5542592170748
damping097_fold0_seed43_easy_control_at_supported,FDE,eu-locality-124,2645,82.1473913300957,84.4124249059004,2.683294050999796,372.2649807819272,720.1447590929055
neural_fold1_seed17_all_control_original,FDE,eu-locality-008,121088,34.341407940485865,36.53765155314232,6.010905242396647,135.44215909174827,277.8297557076242
neural_fold1_seed17_all_control_original,FDE,eu-locality-020,622,14.38596838857862,14.784980358069301,2.6987656380139224,54.18434016797015,99.18086841907973
neural_fold1_seed17_all_control_original,FDE,eu-locality-048,5582,57.844885151757886,59.3222642810702,2.4904294318781495,215.595277022076,353.57770493567324
neural_fold1_seed17_all_control_original,FDE,eu-locality-067,4600,62.27550500004522,64.59716991132642,3.594065985349182,206.1504848436635,394.0447029702928
neural_fold1_seed17_all_control_original,FDE,eu-locality-074,81289,39.82857690974314,41.75577311300411,4.615400601122577,137.74045335120465,283.99940693802614
neural_fold1_seed17_all_control_original,FDE,eu-locality-082,859,25.142950602437097,25.918958934614253,2.9939795581095385,113.02788739776699,242.82094698920608
neural_fold1_seed17_all_control_original,FDE,eu-locality-112,3719,46.755736798372396,48.95071462670388,4.484056760090816,181.60939976466122,420.67114394082915
neural_fold1_seed17_all_control_original,FDE,eu-locality-126,4579,39.46637903780539,40.81438017301339,3.302760275897332,185.681827157228,369.7432829866043
neural_fold1_seed17_all_supported_original,FDE,eu-locality-008,121088,34.341407940485865,36.53765155314232,6.010905242396647,135.44215909174827,277.8297557076242
neural_fold1_seed17_all_supported_original,FDE,eu-locality-020,622,14.38596838857862,14.784980358069301,2.6987656380139224,54.18434016797015,99.18086841907973
neural_fold1_seed17_all_supported_original,FDE,eu-locality-048,5582,57.844885151757886,59.3222642810702,2.4904294318781495,215.595277022076,353.57770493567324
neural_fold1_seed17_all_supported_original,FDE,eu-locality-067,4600,62.27550500004522,64.59716991132642,3.594065985349182,206.1504848436635,394.0447029702928
neural_fold1_seed17_all_supported_original,FDE,eu-locality-074,81289,39.82857690974314,41.75577311300411,4.615400601122577,137.74045335120465,283.99940693802614
neural_fold1_seed17_all_supported_original,FDE,eu-locality-082,859,25.142950602437097,25.918958934614253,2.9939795581095385,113.02788739776699,242.82094698920608
neural_fold1_seed17_all_supported_original,FDE,eu-locality-112,3719,46.755736798372396,48.95071462670388,4.484056760090816,181.60939976466122,420.67114394082915
neural_fold1_seed17_all_supported_original,FDE,eu-locality-126,4579,39.46637903780539,40.81438017301339,3.302760275897332,185.681827157228,369.7432829866043
neural_fold1_seed17_all_control_common,FDE,eu-locality-008,121088,34.341407940485865,36.53765155314232,6.010905242396647,135.44215909174827,277.8297557076242
neural_fold1_seed17_all_control_common,FDE,eu-locality-020,622,14.38596838857862,14.784980358069301,2.6987656380139224,54.18434016797015,99.18086841907973
neural_fold1_seed17_all_control_common,FDE,eu-locality-048,5582,57.844885151757886,59.3222642810702,2.4904294318781495,215.595277022076,353.57770493567324
neural_fold1_seed17_all_control_common,FDE,eu-locality-067,4600,62.27550500004522,64.59716991132642,3.594065985349182,206.1504848436635,394.0447029702928
neural_fold1_seed17_all_control_common,FDE,eu-locality-074,81289,39.82857690974314,41.75577311300411,4.615400601122577,137.74045335120465,283.99940693802614
neural_fold1_seed17_all_control_common,FDE,eu-locality-082,859,25.142950602437097,25.918958934614253,2.9939795581095385,113.02788739776699,242.82094698920608
neural_fold1_seed17_all_control_common,FDE,eu-locality-112,3719,46.755736798372396,48.95071462670388,4.484056760090816,181.60939976466122,420.67114394082915
neural_fold1_seed17_all_control_common,FDE,eu-locality-126,4579,39.46637903780539,40.81438017301339,3.302760275897332,185.681827157228,369.7432829866043
neural_fold1_seed17_all_supported_common,FDE,eu-locality-008,121088,34.341407940485865,36.53765155314232,6.010905242396647,135.44215909174827,277.8297557076242
neural_fold1_seed17_all_supported_common,FDE,eu-locality-020,622,14.38596838857862,14.784980358069301,2.6987656380139224,54.18434016797015,99.18086841907973
neural_fold1_seed17_all_supported_common,FDE,eu-locality-048,5582,57.844885151757886,59.3222642810702,2.4904294318781495,215.595277022076,353.57770493567324
neural_fold1_seed17_all_supported_common,FDE,eu-locality-067,4600,62.27550500004522,64.59716991132642,3.594065985349182,206.1504848436635,394.0447029702928
neural_fold1_seed17_all_supported_common,FDE,eu-locality-074,81289,39.82857690974314,41.75577311300411,4.615400601122577,137.74045335120465,283.99940693802614
neural_fold1_seed17_all_supported_common,FDE,eu-locality-082,859,25.142950602437097,25.918958934614253,2.9939795581095385,113.02788739776699,242.82094698920608
neural_fold1_seed17_all_supported_common,FDE,eu-locality-112,3719,46.755736798372396,48.95071462670388,4.484056760090816,181.60939976466122,420.67114394082915
neural_fold1_seed17_all_supported_common,FDE,eu-locality-126,4579,39.46637903780539,40.81438017301339,3.302760275897332,185.681827157228,369.7432829866043
neural_fold1_seed17_all_supported_at_control,FDE,eu-locality-008,121088,34.341407940485865,36.53765155314232,6.010905242396647,135.44215909174827,277.8297557076242
neural_fold1_seed17_all_supported_at_control,FDE,eu-locality-020,622,14.38596838857862,14.784980358069301,2.6987656380139224,54.18434016797015,99.18086841907973
neural_fold1_seed17_all_supported_at_control,FDE,eu-locality-048,5582,57.844885151757886,59.3222642810702,2.4904294318781495,215.595277022076,353.57770493567324
neural_fold1_seed17_all_supported_at_control,FDE,eu-locality-067,4600,62.27550500004522,64.59716991132642,3.594065985349182,206.1504848436635,394.0447029702928
neural_fold1_seed17_all_supported_at_control,FDE,eu-locality-074,81289,39.82857690974314,41.75577311300411,4.615400601122577,137.74045335120465,283.99940693802614
neural_fold1_seed17_all_supported_at_control,FDE,eu-locality-082,859,25.142950602437097,25.918958934614253,2.9939795581095385,113.02788739776699,242.82094698920608
neural_fold1_seed17_all_supported_at_control,FDE,eu-locality-112,3719,46.755736798372396,48.95071462670388,4.484056760090816,181.60939976466122,420.67114394082915
neural_fold1_seed17_all_supported_at_control,FDE,eu-locality-126,4579,39.46637903780539,40.81438017301339,3.302760275897332,185.681827157228,369.7432829866043
neural_fold1_seed17_all_control_at_supported,FDE,eu-locality-008,121088,34.341407940485865,36.53765155314232,6.010905242396647,135.44215909174827,277.8297557076242
neural_fold1_seed17_all_control_at_supported,FDE,eu-locality-020,622,14.38596838857862,14.784980358069301,2.6987656380139224,54.18434016797015,99.18086841907973
neural_fold1_seed17_all_control_at_supported,FDE,eu-locality-048,5582,57.844885151757886,59.3222642810702,2.4904294318781495,215.595277022076,353.57770493567324
neural_fold1_seed17_all_control_at_supported,FDE,eu-locality-067,4600,62.27550500004522,64.59716991132642,3.594065985349182,206.1504848436635,394.0447029702928
neural_fold1_seed17_all_control_at_supported,FDE,eu-locality-074,81289,39.82857690974314,41.75577311300411,4.615400601122577,137.74045335120465,283.99940693802614
neural_fold1_seed17_all_control_at_supported,FDE,eu-locality-082,859,25.142950602437097,25.918958934614253,2.9939795581095385,113.02788739776699,242.82094698920608
neural_fold1_seed17_all_control_at_supported,FDE,eu-locality-112,3719,46.755736798372396,48.95071462670388,4.484056760090816,181.60939976466122,420.67114394082915
neural_fold1_seed17_all_control_at_supported,FDE,eu-locality-126,4579,39.46637903780539,40.81438017301339,3.302760275897332,185.681827157228,369.7432829866043
neural_fold1_seed17_easy_control_original,FDE,eu-locality-008,121088,36.153875568657874,36.53765155314232,1.0503575576724211,137.36487847759506,282.4295914053778
neural_fold1_seed17_easy_control_original,FDE,eu-locality-020,622,14.384905684698017,14.784980358069301,2.7059533640363065,54.18434016797015,99.18086841907973
neural_fold1_seed17_easy_control_original,FDE,eu-locality-048,5582,59.1478758367179,59.3222642810702,0.2939679502556358,216.2196458274127,355.1127410078038
neural_fold1_seed17_easy_control_original,FDE,eu-locality-067,4600,64.40229550473853,64.59716991132642,0.3016763843607939,207.16877909819794,394.0447029702928
neural_fold1_seed17_easy_control_original,FDE,eu-locality-074,81289,41.36948160490622,41.75577311300411,0.9251211971395334,140.06719202333673,285.7408772946046
neural_fold1_seed17_easy_control_original,FDE,eu-locality-082,859,25.749608420663876,25.918958934614253,0.6533847072237697,114.36702966826617,242.82094698920608
neural_fold1_seed17_easy_control_original,FDE,eu-locality-112,3719,48.74442346056644,48.95071462670388,0.421426260496105,180.87314969023402,421.63704764077704
neural_fold1_seed17_easy_control_original,FDE,eu-locality-126,4579,40.645714701281854,40.81438017301339,0.413250111888408,186.11115619235218,367.4904107537943
neural_fold1_seed17_easy_supported_original,FDE,eu-locality-008,121088,36.28463549652683,36.53765155314232,0.6924803479706032,137.4831450561585,282.59247855025694
neural_fold1_seed17_easy_supported_original,FDE,eu-locality-020,622,14.452134279624785,14.784980358069301,2.25124464411518,54.18434016797015,99.18086841907973
neural_fold1_seed17_easy_supported_original,FDE,eu-locality-048,5582,59.20154634462172,59.3222642810702,0.20349515972032384,216.2196458274127,355.1127410078038
neural_fold1_seed17_easy_supported_original,FDE,eu-locality-067,4600,64.43067429008177,64.59716991132642,0.2577444514569316,207.16877909819794,394.0447029702928
neural_fold1_seed17_easy_supported_original,FDE,eu-locality-074,81289,41.39996358689154,41.75577311300411,0.8521205562393552,139.90465712757847,285.7408772946046
neural_fold1_seed17_easy_supported_original,FDE,eu-locality-082,859,25.64641642624596,25.918958934614253,1.0515179604853597,114.36702966826617,242.82094698920608
neural_fold1_seed17_easy_supported_original,FDE,eu-locality-112,3719,48.75715934195513,48.95071462670388,0.39540849653532106,180.57026348277316,421.63704764077704
neural_fold1_seed17_easy_supported_original,FDE,eu-locality-126,4579,40.68786694504773,40.81438017301339,0.30997218977567575,186.11115619235218,367.4904107537943
neural_fold1_seed17_easy_control_common,FDE,eu-locality-008,121088,36.153875568657874,36.53765155314232,1.0503575576724211,137.36487847759506,282.4295914053778
neural_fold1_seed17_easy_control_common,FDE,eu-locality-020,622,14.384905684698017,14.784980358069301,2.7059533640363065,54.18434016797015,99.18086841907973
neural_fold1_seed17_easy_control_common,FDE,eu-locality-048,5582,59.1478758367179,59.3222642810702,0.2939679502556358,216.2196458274127,355.1127410078038
neural_fold1_seed17_easy_control_common,FDE,eu-locality-067,4600,64.40229550473853,64.59716991132642,0.3016763843607939,207.16877909819794,394.0447029702928
neural_fold1_seed17_easy_control_common,FDE,eu-locality-074,81289,41.36948160490622,41.75577311300411,0.9251211971395334,140.06719202333673,285.7408772946046
neural_fold1_seed17_easy_control_common,FDE,eu-locality-082,859,25.749608420663876,25.918958934614253,0.6533847072237697,114.36702966826617,242.82094698920608
neural_fold1_seed17_easy_control_common,FDE,eu-locality-112,3719,48.74442346056644,48.95071462670388,0.421426260496105,180.87314969023402,421.63704764077704
neural_fold1_seed17_easy_control_common,FDE,eu-locality-126,4579,40.645714701281854,40.81438017301339,0.413250111888408,186.11115619235218,367.4904107537943
neural_fold1_seed17_easy_supported_common,FDE,eu-locality-008,121088,36.28463549652683,36.53765155314232,0.6924803479706032,137.4831450561585,282.59247855025694
neural_fold1_seed17_easy_supported_common,FDE,eu-locality-020,622,14.452134279624785,14.784980358069301,2.25124464411518,54.18434016797015,99.18086841907973
neural_fold1_seed17_easy_supported_common,FDE,eu-locality-048,5582,59.20154634462172,59.3222642810702,0.20349515972032384,216.2196458274127,355.1127410078038
neural_fold1_seed17_easy_supported_common,FDE,eu-locality-067,4600,64.43067429008177,64.59716991132642,0.2577444514569316,207.16877909819794,394.0447029702928
neural_fold1_seed17_easy_supported_common,FDE,eu-locality-074,81289,41.39996358689154,41.75577311300411,0.8521205562393552,139.90465712757847,285.7408772946046
neural_fold1_seed17_easy_supported_common,FDE,eu-locality-082,859,25.64641642624596,25.918958934614253,1.0515179604853597,114.36702966826617,242.82094698920608
neural_fold1_seed17_easy_supported_common,FDE,eu-locality-112,3719,48.75715934195513,48.95071462670388,0.39540849653532106,180.57026348277316,421.63704764077704
neural_fold1_seed17_easy_supported_common,FDE,eu-locality-126,4579,40.68786694504773,40.81438017301339,0.30997218977567575,186.11115619235218,367.4904107537943
neural_fold1_seed17_easy_supported_at_control,FDE,eu-locality-008,121088,36.18559650023791,36.53765155314232,0.963540451942746,137.756845244315,282.59247855025694
neural_fold1_seed17_easy_supported_at_control,FDE,eu-locality-020,622,14.448200804142292,14.784980358069301,2.277849180524627,54.18434016797015,99.18086841907973
neural_fold1_seed17_easy_supported_at_control,FDE,eu-locality-048,5582,59.12527609210971,59.3222642810702,0.3320645146435375,216.2196458274127,355.1127410078038
neural_fold1_seed17_easy_supported_at_control,FDE,eu-locality-067,4600,64.36073580590354,64.59716991132642,0.36601310204058546,207.16877909819794,394.0447029702928
neural_fold1_seed17_easy_supported_at_control,FDE,eu-locality-074,81289,41.31391001302047,41.75577311300411,1.0582084033932793,139.8464238414576,285.6194538020268
neural_fold1_seed17_easy_supported_at_control,FDE,eu-locality-082,859,25.685185342527713,25.918958934614253,0.9019405165009875,114.36702966826617,242.82094698920608
neural_fold1_seed17_easy_supported_at_control,FDE,eu-locality-112,3719,48.691821461726,48.95071462670388,0.5288853634766832,180.87314969023402,421.63704764077704
neural_fold1_seed17_easy_supported_at_control,FDE,eu-locality-126,4579,40.64278870030087,40.81438017301339,0.4204191561531512,186.11115619235218,367.4904107537943
neural_fold1_seed17_easy_control_at_supported,FDE,eu-locality-008,121088,36.258660478169965,36.53765155314232,0.7635714478435363,137.20918754896365,282.4295914053778
neural_fold1_seed17_easy_control_at_supported,FDE,eu-locality-020,622,14.400873777409188,14.784980358069301,2.5979512407703464,54.18434016797015,99.18086841907973
neural_fold1_seed17_easy_control_at_supported,FDE,eu-locality-048,5582,59.22449379392667,59.3222642810702,0.1648124668341855,216.2196458274127,355.1127410078038
neural_fold1_seed17_easy_control_at_supported,FDE,eu-locality-067,4600,64.4464047983822,64.59716991132642,0.23339275257905356,207.16877909819794,394.0447029702928
neural_fold1_seed17_easy_control_at_supported,FDE,eu-locality-074,81289,41.44162554794166,41.75577311300411,0.7523452247244156,140.1729529631878,285.878036596077
neural_fold1_seed17_easy_control_at_supported,FDE,eu-locality-082,859,25.669933806452352,25.918958934614253,0.9607836826707294,114.36702966826617,242.82094698920608
neural_fold1_seed17_easy_control_at_supported,FDE,eu-locality-112,3719,48.866968243021645,48.95071462670388,0.17108306655149175,180.87314969023402,421.94751964792783
neural_fold1_seed17_easy_control_at_supported,FDE,eu-locality-126,4579,40.69297937664727,40.81438017301339,0.2974461350423452,186.11115619235218,367.4904107537943
damping097_fold1_seed17_all_control_original,FDE,eu-locality-008,121088,34.28458514818212,36.53765155314232,6.166423700448343,130.4335989052326,273.6394597628489
damping097_fold1_seed17_all_control_original,FDE,eu-locality-020,622,14.544040786275168,14.784980358069301,1.6296238882903435,53.963574416924075,102.34943144507893
damping097_fold1_seed17_all_control_original,FDE,eu-locality-048,5582,54.969108565460076,59.3222642810702,7.338148279345469,208.68960992850214,338.7052191740525
damping097_fold1_seed17_all_control_original,FDE,eu-locality-067,4600,59.60970143117026,64.59716991132642,7.720877690156613,199.13333649192083,385.15124900395807
damping097_fold1_seed17_all_control_original,FDE,eu-locality-074,81289,38.448798125385814,41.75577311300411,7.91980303817772,131.84568158236596,273.5530561590052
damping097_fold1_seed17_all_control_original,FDE,eu-locality-082,859,25.040274637662733,25.918958934614253,3.390121876299801,113.0556753805091,229.79762677801716
damping097_fold1_seed17_all_control_original,FDE,eu-locality-112,3719,46.04635539769751,48.95071462670388,5.933231518998017,173.83729718753517,414.1148860954396
damping097_fold1_seed17_all_control_original,FDE,eu-locality-126,4579,37.816857317996636,40.81438017301339,7.344281212430925,176.6100550040951,362.6891173985239
damping097_fold1_seed17_all_supported_original,FDE,eu-locality-008,121088,34.28458514818212,36.53765155314232,6.166423700448343,130.4335989052326,273.6394597628489
damping097_fold1_seed17_all_supported_original,FDE,eu-locality-020,622,14.544040786275168,14.784980358069301,1.6296238882903435,53.963574416924075,102.34943144507893
damping097_fold1_seed17_all_supported_original,FDE,eu-locality-048,5582,54.969108565460076,59.3222642810702,7.338148279345469,208.68960992850214,338.7052191740525
damping097_fold1_seed17_all_supported_original,FDE,eu-locality-067,4600,59.60970143117026,64.59716991132642,7.720877690156613,199.13333649192083,385.15124900395807
damping097_fold1_seed17_all_supported_original,FDE,eu-locality-074,81289,38.448798125385814,41.75577311300411,7.91980303817772,131.84568158236596,273.5530561590052
damping097_fold1_seed17_all_supported_original,FDE,eu-locality-082,859,25.040274637662733,25.918958934614253,3.390121876299801,113.0556753805091,229.79762677801716
damping097_fold1_seed17_all_supported_original,FDE,eu-locality-112,3719,46.04635539769751,48.95071462670388,5.933231518998017,173.83729718753517,414.1148860954396
damping097_fold1_seed17_all_supported_original,FDE,eu-locality-126,4579,37.816857317996636,40.81438017301339,7.344281212430925,176.6100550040951,362.6891173985239
damping097_fold1_seed17_all_control_common,FDE,eu-locality-008,121088,34.28458514818212,36.53765155314232,6.166423700448343,130.4335989052326,273.6394597628489
damping097_fold1_seed17_all_control_common,FDE,eu-locality-020,622,14.544040786275168,14.784980358069301,1.6296238882903435,53.963574416924075,102.34943144507893
damping097_fold1_seed17_all_control_common,FDE,eu-locality-048,5582,54.969108565460076,59.3222642810702,7.338148279345469,208.68960992850214,338.7052191740525
damping097_fold1_seed17_all_control_common,FDE,eu-locality-067,4600,59.60970143117026,64.59716991132642,7.720877690156613,199.13333649192083,385.15124900395807
damping097_fold1_seed17_all_control_common,FDE,eu-locality-074,81289,38.448798125385814,41.75577311300411,7.91980303817772,131.84568158236596,273.5530561590052
damping097_fold1_seed17_all_control_common,FDE,eu-locality-082,859,25.040274637662733,25.918958934614253,3.390121876299801,113.0556753805091,229.79762677801716
damping097_fold1_seed17_all_control_common,FDE,eu-locality-112,3719,46.04635539769751,48.95071462670388,5.933231518998017,173.83729718753517,414.1148860954396
damping097_fold1_seed17_all_control_common,FDE,eu-locality-126,4579,37.816857317996636,40.81438017301339,7.344281212430925,176.6100550040951,362.6891173985239
damping097_fold1_seed17_all_supported_common,FDE,eu-locality-008,121088,34.28458514818212,36.53765155314232,6.166423700448343,130.4335989052326,273.6394597628489
damping097_fold1_seed17_all_supported_common,FDE,eu-locality-020,622,14.544040786275168,14.784980358069301,1.6296238882903435,53.963574416924075,102.34943144507893
damping097_fold1_seed17_all_supported_common,FDE,eu-locality-048,5582,54.969108565460076,59.3222642810702,7.338148279345469,208.68960992850214,338.7052191740525
damping097_fold1_seed17_all_supported_common,FDE,eu-locality-067,4600,59.60970143117026,64.59716991132642,7.720877690156613,199.13333649192083,385.15124900395807
damping097_fold1_seed17_all_supported_common,FDE,eu-locality-074,81289,38.448798125385814,41.75577311300411,7.91980303817772,131.84568158236596,273.5530561590052
damping097_fold1_seed17_all_supported_common,FDE,eu-locality-082,859,25.040274637662733,25.918958934614253,3.390121876299801,113.0556753805091,229.79762677801716
damping097_fold1_seed17_all_supported_common,FDE,eu-locality-112,3719,46.04635539769751,48.95071462670388,5.933231518998017,173.83729718753517,414.1148860954396
damping097_fold1_seed17_all_supported_common,FDE,eu-locality-126,4579,37.816857317996636,40.81438017301339,7.344281212430925,176.6100550040951,362.6891173985239
damping097_fold1_seed17_all_supported_at_control,FDE,eu-locality-008,121088,34.28458514818212,36.53765155314232,6.166423700448343,130.4335989052326,273.6394597628489
damping097_fold1_seed17_all_supported_at_control,FDE,eu-locality-020,622,14.544040786275168,14.784980358069301,1.6296238882903435,53.963574416924075,102.34943144507893
damping097_fold1_seed17_all_supported_at_control,FDE,eu-locality-048,5582,54.969108565460076,59.3222642810702,7.338148279345469,208.68960992850214,338.7052191740525
damping097_fold1_seed17_all_supported_at_control,FDE,eu-locality-067,4600,59.60970143117026,64.59716991132642,7.720877690156613,199.13333649192083,385.15124900395807
damping097_fold1_seed17_all_supported_at_control,FDE,eu-locality-074,81289,38.448798125385814,41.75577311300411,7.91980303817772,131.84568158236596,273.5530561590052
damping097_fold1_seed17_all_supported_at_control,FDE,eu-locality-082,859,25.040274637662733,25.918958934614253,3.390121876299801,113.0556753805091,229.79762677801716
damping097_fold1_seed17_all_supported_at_control,FDE,eu-locality-112,3719,46.04635539769751,48.95071462670388,5.933231518998017,173.83729718753517,414.1148860954396
damping097_fold1_seed17_all_supported_at_control,FDE,eu-locality-126,4579,37.816857317996636,40.81438017301339,7.344281212430925,176.6100550040951,362.6891173985239
damping097_fold1_seed17_all_control_at_supported,FDE,eu-locality-008,121088,34.28458514818212,36.53765155314232,6.166423700448343,130.4335989052326,273.6394597628489
damping097_fold1_seed17_all_control_at_supported,FDE,eu-locality-020,622,14.544040786275168,14.784980358069301,1.6296238882903435,53.963574416924075,102.34943144507893
damping097_fold1_seed17_all_control_at_supported,FDE,eu-locality-048,5582,54.969108565460076,59.3222642810702,7.338148279345469,208.68960992850214,338.7052191740525
damping097_fold1_seed17_all_control_at_supported,FDE,eu-locality-067,4600,59.60970143117026,64.59716991132642,7.720877690156613,199.13333649192083,385.15124900395807
damping097_fold1_seed17_all_control_at_supported,FDE,eu-locality-074,81289,38.448798125385814,41.75577311300411,7.91980303817772,131.84568158236596,273.5530561590052
damping097_fold1_seed17_all_control_at_supported,FDE,eu-locality-082,859,25.040274637662733,25.918958934614253,3.390121876299801,113.0556753805091,229.79762677801716
damping097_fold1_seed17_all_control_at_supported,FDE,eu-locality-112,3719,46.04635539769751,48.95071462670388,5.933231518998017,173.83729718753517,414.1148860954396
damping097_fold1_seed17_all_control_at_supported,FDE,eu-locality-126,4579,37.816857317996636,40.81438017301339,7.344281212430925,176.6100550040951,362.6891173985239
damping097_fold1_seed17_easy_control_original,FDE,eu-locality-008,121088,33.94505230228811,36.53765155314232,7.095692089250427,128.8325216587567,267.8827588751367
damping097_fold1_seed17_easy_control_original,FDE,eu-locality-020,622,14.332290235683637,14.784980358069301,3.061824306980543,50.06642759264865,87.27528146599626
damping097_fold1_seed17_easy_control_original,FDE,eu-locality-048,5582,55.0304539293347,59.3222642810702,7.2347379247036265,206.93820172014273,344.1350033791854
damping097_fold1_seed17_easy_control_original,FDE,eu-locality-067,4600,58.13024664655813,64.59716991132642,10.011155711071462,194.22904130395744,346.22936766784903
damping097_fold1_seed17_easy_control_original,FDE,eu-locality-074,81289,37.77423680927135,41.75577311300411,9.535295378096542,130.54253233357005,266.07794563102715
damping097_fold1_seed17_easy_control_original,FDE,eu-locality-082,859,23.57739140816332,25.918958934614253,9.03418818772006,107.79588538582226,228.36761182252752
damping097_fold1_seed17_easy_control_original,FDE,eu-locality-112,3719,45.215448500749545,48.95071462670388,7.63066720157064,168.3873010262272,393.11167095494903
damping097_fold1_seed17_easy_control_original,FDE,eu-locality-126,4579,37.33629653697996,40.81438017301339,8.521711272570432,173.44977067807895,340.85225819286154
damping097_fold1_seed17_easy_supported_original,FDE,eu-locality-008,121088,35.36038125915921,36.53765155314232,3.2220743368544635,134.91721568414235,278.7558700973707
damping097_fold1_seed17_easy_supported_original,FDE,eu-locality-020,622,14.364282581539845,14.784980358069301,2.8454402125725475,51.09735796981506,87.27528146599626
damping097_fold1_seed17_easy_supported_original,FDE,eu-locality-048,5582,58.23033417791892,59.3222642810702,1.840675025446914,216.05068258726178,355.4563120785641
damping097_fold1_seed17_easy_supported_original,FDE,eu-locality-067,4600,62.40722677152724,64.59716991132642,3.3901533810310025,203.62276209978012,394.0447029702928
damping097_fold1_seed17_easy_supported_original,FDE,eu-locality-074,81289,39.7953815276675,41.75577311300411,4.6948995053478715,136.84739645810234,281.4358077439021
damping097_fold1_seed17_easy_supported_original,FDE,eu-locality-082,859,25.073883946333574,25.918958934614253,3.2604511254196167,113.0556753805091,229.79762677801716
damping097_fold1_seed17_easy_supported_original,FDE,eu-locality-112,3719,46.992808504167265,48.95071462670388,3.9997498248340646,180.22708201180748,421.63704764077704
damping097_fold1_seed17_easy_supported_original,FDE,eu-locality-126,4579,39.537936218564674,40.81438017301339,3.1274368226047566,185.67424399955024,363.33929383552413
damping097_fold1_seed17_easy_control_common,FDE,eu-locality-008,121088,33.94505230228811,36.53765155314232,7.095692089250427,128.8325216587567,267.8827588751367
damping097_fold1_seed17_easy_control_common,FDE,eu-locality-020,622,14.332290235683637,14.784980358069301,3.061824306980543,50.06642759264865,87.27528146599626
damping097_fold1_seed17_easy_control_common,FDE,eu-locality-048,5582,55.0304539293347,59.3222642810702,7.2347379247036265,206.93820172014273,344.1350033791854
damping097_fold1_seed17_easy_control_common,FDE,eu-locality-067,4600,58.13024664655813,64.59716991132642,10.011155711071462,194.22904130395744,346.22936766784903
damping097_fold1_seed17_easy_control_common,FDE,eu-locality-074,81289,37.77423680927135,41.75577311300411,9.535295378096542,130.54253233357005,266.07794563102715
damping097_fold1_seed17_easy_control_common,FDE,eu-locality-082,859,23.57739140816332,25.918958934614253,9.03418818772006,107.79588538582226,228.36761182252752
damping097_fold1_seed17_easy_control_common,FDE,eu-locality-112,3719,45.215448500749545,48.95071462670388,7.63066720157064,168.3873010262272,393.11167095494903
damping097_fold1_seed17_easy_control_common,FDE,eu-locality-126,4579,37.33629653697996,40.81438017301339,8.521711272570432,173.44977067807895,340.85225819286154
damping097_fold1_seed17_easy_supported_common,FDE,eu-locality-008,121088,35.36038125915921,36.53765155314232,3.2220743368544635,134.91721568414235,278.7558700973707
damping097_fold1_seed17_easy_supported_common,FDE,eu-locality-020,622,14.364282581539845,14.784980358069301,2.8454402125725475,51.09735796981506,87.27528146599626
damping097_fold1_seed17_easy_supported_common,FDE,eu-locality-048,5582,58.23033417791892,59.3222642810702,1.840675025446914,216.05068258726178,355.4563120785641
damping097_fold1_seed17_easy_supported_common,FDE,eu-locality-067,4600,62.40722677152724,64.59716991132642,3.3901533810310025,203.62276209978012,394.0447029702928
damping097_fold1_seed17_easy_supported_common,FDE,eu-locality-074,81289,39.7953815276675,41.75577311300411,4.6948995053478715,136.84739645810234,281.4358077439021
damping097_fold1_seed17_easy_supported_common,FDE,eu-locality-082,859,25.073883946333574,25.918958934614253,3.2604511254196167,113.0556753805091,229.79762677801716
damping097_fold1_seed17_easy_supported_common,FDE,eu-locality-112,3719,46.992808504167265,48.95071462670388,3.9997498248340646,180.22708201180748,421.63704764077704
damping097_fold1_seed17_easy_supported_common,FDE,eu-locality-126,4579,39.537936218564674,40.81438017301339,3.1274368226047566,185.67424399955024,363.33929383552413
damping097_fold1_seed17_easy_supported_at_control,FDE,eu-locality-008,121088,34.35029421920827,36.53765155314232,5.986584361484304,130.37720738676987,270.8423879066694
damping097_fold1_seed17_easy_supported_at_control,FDE,eu-locality-020,622,14.332290235683637,14.784980358069301,3.061824306980543,50.06642759264865,87.27528146599626
damping097_fold1_seed17_easy_supported_at_control,FDE,eu-locality-048,5582,56.0504019984307,59.3222642810702,5.515403571140409,213.98818823930333,352.77342917410823
damping097_fold1_seed17_easy_supported_at_control,FDE,eu-locality-067,4600,58.43909793214662,64.59716991132642,9.53303679965094,196.30875992618962,340.91726520693896
damping097_fold1_seed17_easy_supported_at_control,FDE,eu-locality-074,81289,37.91385576612915,41.75577311300411,9.200924951090084,131.15442800533162,267.6316536516739
damping097_fold1_seed17_easy_supported_at_control,FDE,eu-locality-082,859,23.57739140816332,25.918958934614253,9.03418818772006,107.79588538582226,228.36761182252752
damping097_fold1_seed17_easy_supported_at_control,FDE,eu-locality-112,3719,45.234579015753866,48.95071462670388,7.591586025432129,168.3873010262272,400.68007681136754
damping097_fold1_seed17_easy_supported_at_control,FDE,eu-locality-126,4579,37.806021641429986,40.81438017301339,7.3708298860129196,177.05078755471035,356.7740776726517
damping097_fold1_seed17_easy_control_at_supported,FDE,eu-locality-008,121088,34.91971378122161,36.53765155314232,4.428138380945179,133.11107828904014,277.34776596758854
damping097_fold1_seed17_easy_control_at_supported,FDE,eu-locality-020,622,14.273749521092181,14.784980358069301,3.457771499155915,50.3975578298127,87.27528146599626
damping097_fold1_seed17_easy_control_at_supported,FDE,eu-locality-048,5582,57.5516966892444,59.3222642810702,2.9846594921542513,214.16157398254268,353.57770493567324
damping097_fold1_seed17_easy_control_at_supported,FDE,eu-locality-067,4600,61.930071140808465,64.59716991132642,4.1288167487509515,203.59279545979624,391.4970972712218
damping097_fold1_seed17_easy_control_at_supported,FDE,eu-locality-074,81289,39.4620076687701,41.75577311300411,5.493289366302401,135.6924493688804,279.92545615437314
damping097_fold1_seed17_easy_control_at_supported,FDE,eu-locality-082,859,24.899305442248156,25.918958934614253,3.934006357810804,111.86399941806233,234.31504208196256
damping097_fold1_seed17_easy_control_at_supported,FDE,eu-locality-112,3719,46.74104440945497,48.95071462670388,4.514071416729582,177.2202428403548,400.8090580965843
damping097_fold1_seed17_easy_control_at_supported,FDE,eu-locality-126,4579,39.342987155537415,40.81438017301339,3.605084804029113,185.0302991270744,367.4904107537943
neural_fold1_seed29_all_control_original,FDE,eu-locality-008,121088,34.97795551671957,36.53765155314232,4.268736413324881,136.08498059232863,278.18445405426536
neural_fold1_seed29_all_control_original,FDE,eu-locality-020,622,14.313276044609578,14.784980358069301,3.190429084353008,54.18434016797015,102.45433729471748
neural_fold1_seed29_all_control_original,FDE,eu-locality-048,5582,58.14809288126487,59.3222642810702,1.9793098156909106,215.23350727554524,353.57770493567324
neural_fold1_seed29_all_control_original,FDE,eu-locality-067,4600,62.05656519653121,64.59716991132642,3.9329969382292385,203.7374172822713,394.0447029702928
neural_fold1_seed29_all_control_original,FDE,eu-locality-074,81289,40.06574308859539,41.75577311300411,4.04741643708757,137.44889762217636,282.538724807451
neural_fold1_seed29_all_control_original,FDE,eu-locality-082,859,24.508498404213356,25.918958934614253,5.441810120379698,112.62203890720869,229.79762677801716
neural_fold1_seed29_all_control_original,FDE,eu-locality-112,3719,46.87319079199072,48.95071462670388,4.244113391512805,181.0853954643256,421.63704764077704
neural_fold1_seed29_all_control_original,FDE,eu-locality-126,4579,39.34506768177548,40.81438017301339,3.5999872716661274,185.3311687493593,364.90265146493834
neural_fold1_seed29_all_supported_original,FDE,eu-locality-008,121088,34.97795551671957,36.53765155314232,4.268736413324881,136.08498059232863,278.18445405426536
neural_fold1_seed29_all_supported_original,FDE,eu-locality-020,622,14.313276044609578,14.784980358069301,3.190429084353008,54.18434016797015,102.45433729471748
neural_fold1_seed29_all_supported_original,FDE,eu-locality-048,5582,58.14809288126487,59.3222642810702,1.9793098156909106,215.23350727554524,353.57770493567324
neural_fold1_seed29_all_supported_original,FDE,eu-locality-067,4600,62.05656519653121,64.59716991132642,3.9329969382292385,203.7374172822713,394.0447029702928
neural_fold1_seed29_all_supported_original,FDE,eu-locality-074,81289,40.06574308859539,41.75577311300411,4.04741643708757,137.44889762217636,282.538724807451
neural_fold1_seed29_all_supported_original,FDE,eu-locality-082,859,24.508498404213356,25.918958934614253,5.441810120379698,112.62203890720869,229.79762677801716
neural_fold1_seed29_all_supported_original,FDE,eu-locality-112,3719,46.87319079199072,48.95071462670388,4.244113391512805,181.0853954643256,421.63704764077704
neural_fold1_seed29_all_supported_original,FDE,eu-locality-126,4579,39.34506768177548,40.81438017301339,3.5999872716661274,185.3311687493593,364.90265146493834
neural_fold1_seed29_all_control_common,FDE,eu-locality-008,121088,34.97795551671957,36.53765155314232,4.268736413324881,136.08498059232863,278.18445405426536
neural_fold1_seed29_all_control_common,FDE,eu-locality-020,622,14.313276044609578,14.784980358069301,3.190429084353008,54.18434016797015,102.45433729471748
neural_fold1_seed29_all_control_common,FDE,eu-locality-048,5582,58.14809288126487,59.3222642810702,1.9793098156909106,215.23350727554524,353.57770493567324
neural_fold1_seed29_all_control_common,FDE,eu-locality-067,4600,62.05656519653121,64.59716991132642,3.9329969382292385,203.7374172822713,394.0447029702928
neural_fold1_seed29_all_control_common,FDE,eu-locality-074,81289,40.06574308859539,41.75577311300411,4.04741643708757,137.44889762217636,282.538724807451
neural_fold1_seed29_all_control_common,FDE,eu-locality-082,859,24.508498404213356,25.918958934614253,5.441810120379698,112.62203890720869,229.79762677801716
neural_fold1_seed29_all_control_common,FDE,eu-locality-112,3719,46.87319079199072,48.95071462670388,4.244113391512805,181.0853954643256,421.63704764077704
neural_fold1_seed29_all_control_common,FDE,eu-locality-126,4579,39.34506768177548,40.81438017301339,3.5999872716661274,185.3311687493593,364.90265146493834
neural_fold1_seed29_all_supported_common,FDE,eu-locality-008,121088,34.97795551671957,36.53765155314232,4.268736413324881,136.08498059232863,278.18445405426536
neural_fold1_seed29_all_supported_common,FDE,eu-locality-020,622,14.313276044609578,14.784980358069301,3.190429084353008,54.18434016797015,102.45433729471748
neural_fold1_seed29_all_supported_common,FDE,eu-locality-048,5582,58.14809288126487,59.3222642810702,1.9793098156909106,215.23350727554524,353.57770493567324
neural_fold1_seed29_all_supported_common,FDE,eu-locality-067,4600,62.05656519653121,64.59716991132642,3.9329969382292385,203.7374172822713,394.0447029702928
neural_fold1_seed29_all_supported_common,FDE,eu-locality-074,81289,40.06574308859539,41.75577311300411,4.04741643708757,137.44889762217636,282.538724807451
neural_fold1_seed29_all_supported_common,FDE,eu-locality-082,859,24.508498404213356,25.918958934614253,5.441810120379698,112.62203890720869,229.79762677801716
neural_fold1_seed29_all_supported_common,FDE,eu-locality-112,3719,46.87319079199072,48.95071462670388,4.244113391512805,181.0853954643256,421.63704764077704
neural_fold1_seed29_all_supported_common,FDE,eu-locality-126,4579,39.34506768177548,40.81438017301339,3.5999872716661274,185.3311687493593,364.90265146493834
neural_fold1_seed29_all_supported_at_control,FDE,eu-locality-008,121088,34.97795551671957,36.53765155314232,4.268736413324881,136.08498059232863,278.18445405426536
neural_fold1_seed29_all_supported_at_control,FDE,eu-locality-020,622,14.313276044609578,14.784980358069301,3.190429084353008,54.18434016797015,102.45433729471748
neural_fold1_seed29_all_supported_at_control,FDE,eu-locality-048,5582,58.14809288126487,59.3222642810702,1.9793098156909106,215.23350727554524,353.57770493567324
neural_fold1_seed29_all_supported_at_control,FDE,eu-locality-067,4600,62.05656519653121,64.59716991132642,3.9329969382292385,203.7374172822713,394.0447029702928
neural_fold1_seed29_all_supported_at_control,FDE,eu-locality-074,81289,40.06574308859539,41.75577311300411,4.04741643708757,137.44889762217636,282.538724807451
neural_fold1_seed29_all_supported_at_control,FDE,eu-locality-082,859,24.508498404213356,25.918958934614253,5.441810120379698,112.62203890720869,229.79762677801716
neural_fold1_seed29_all_supported_at_control,FDE,eu-locality-112,3719,46.87319079199072,48.95071462670388,4.244113391512805,181.0853954643256,421.63704764077704
neural_fold1_seed29_all_supported_at_control,FDE,eu-locality-126,4579,39.34506768177548,40.81438017301339,3.5999872716661274,185.3311687493593,364.90265146493834
neural_fold1_seed29_all_control_at_supported,FDE,eu-locality-008,121088,34.97795551671957,36.53765155314232,4.268736413324881,136.08498059232863,278.18445405426536
neural_fold1_seed29_all_control_at_supported,FDE,eu-locality-020,622,14.313276044609578,14.784980358069301,3.190429084353008,54.18434016797015,102.45433729471748
neural_fold1_seed29_all_control_at_supported,FDE,eu-locality-048,5582,58.14809288126487,59.3222642810702,1.9793098156909106,215.23350727554524,353.57770493567324
neural_fold1_seed29_all_control_at_supported,FDE,eu-locality-067,4600,62.05656519653121,64.59716991132642,3.9329969382292385,203.7374172822713,394.0447029702928
neural_fold1_seed29_all_control_at_supported,FDE,eu-locality-074,81289,40.06574308859539,41.75577311300411,4.04741643708757,137.44889762217636,282.538724807451
neural_fold1_seed29_all_control_at_supported,FDE,eu-locality-082,859,24.508498404213356,25.918958934614253,5.441810120379698,112.62203890720869,229.79762677801716
neural_fold1_seed29_all_control_at_supported,FDE,eu-locality-112,3719,46.87319079199072,48.95071462670388,4.244113391512805,181.0853954643256,421.63704764077704
neural_fold1_seed29_all_control_at_supported,FDE,eu-locality-126,4579,39.34506768177548,40.81438017301339,3.5999872716661274,185.3311687493593,364.90265146493834
neural_fold1_seed29_easy_control_original,FDE,eu-locality-008,121088,36.30060337185231,36.53765155314232,0.6487778256498822,137.37558704422997,282.53410995282735
neural_fold1_seed29_easy_control_original,FDE,eu-locality-020,622,14.335492733192845,14.784980358069301,3.0401638283620414,54.18434016797015,99.18086841907973
neural_fold1_seed29_easy_control_original,FDE,eu-locality-048,5582,59.18568712680436,59.3222642810702,0.23022916593123943,216.2196458274127,355.1127410078038
neural_fold1_seed29_easy_control_original,FDE,eu-locality-067,4600,64.33375112308167,64.59716991132642,0.40778688695859433,207.16877909819794,394.0447029702928
neural_fold1_seed29_easy_control_original,FDE,eu-locality-074,81289,41.484722062623206,41.75577311300411,0.6491343116731607,139.97321039078398,285.77755031045575
neural_fold1_seed29_easy_control_original,FDE,eu-locality-082,859,25.277173302582362,25.918958934614253,2.4761242673786543,114.66976098816347,234.31504208196256
neural_fold1_seed29_easy_control_original,FDE,eu-locality-112,3719,48.81737119488291,48.95071462670388,0.27240344260107685,181.0853954643256,421.94751964792783
neural_fold1_seed29_easy_control_original,FDE,eu-locality-126,4579,40.70667621352394,40.81438017301339,0.2638872844151652,186.02531258567237,367.4904107537943
neural_fold1_seed29_easy_supported_original,FDE,eu-locality-008,121088,36.327275078289446,36.53765155314232,0.5757799582353784,137.5659622464064,282.6284069432827
neural_fold1_seed29_easy_supported_original,FDE,eu-locality-020,622,14.600713606738449,14.784980358069301,1.2463104236069111,56.473477083316624,99.18086841907973
neural_fold1_seed29_easy_supported_original,FDE,eu-locality-048,5582,59.21299803820769,59.3222642810702,0.18419095121656737,216.2196458274127,355.1127410078038
neural_fold1_seed29_easy_supported_original,FDE,eu-locality-067,4600,64.23709918979826,64.59716991132642,0.5574094376308403,207.16877909819794,394.0447029702928
neural_fold1_seed29_easy_supported_original,FDE,eu-locality-074,81289,41.31955472123606,41.75577311300411,1.0446900134922887,139.5648624843995,284.70835021406356
neural_fold1_seed29_easy_supported_original,FDE,eu-locality-082,859,25.18861578461705,25.918958934614253,2.8177950813519925,113.0556753805091,234.31504208196256
neural_fold1_seed29_easy_supported_original,FDE,eu-locality-112,3719,48.695556477648395,48.95071462670388,0.5212552074087329,181.0853954643256,421.63704764077704
neural_fold1_seed29_easy_supported_original,FDE,eu-locality-126,4579,40.693821093615924,40.81438017301339,0.2953838301265721,186.02531258567237,367.4904107537943
neural_fold1_seed29_easy_control_common,FDE,eu-locality-008,121088,36.30060337185231,36.53765155314232,0.6487778256498822,137.37558704422997,282.53410995282735
neural_fold1_seed29_easy_control_common,FDE,eu-locality-020,622,14.335492733192845,14.784980358069301,3.0401638283620414,54.18434016797015,99.18086841907973
neural_fold1_seed29_easy_control_common,FDE,eu-locality-048,5582,59.18568712680436,59.3222642810702,0.23022916593123943,216.2196458274127,355.1127410078038
neural_fold1_seed29_easy_control_common,FDE,eu-locality-067,4600,64.33375112308167,64.59716991132642,0.40778688695859433,207.16877909819794,394.0447029702928
neural_fold1_seed29_easy_control_common,FDE,eu-locality-074,81289,41.484722062623206,41.75577311300411,0.6491343116731607,139.97321039078398,285.77755031045575
neural_fold1_seed29_easy_control_common,FDE,eu-locality-082,859,25.277173302582362,25.918958934614253,2.4761242673786543,114.66976098816347,234.31504208196256
neural_fold1_seed29_easy_control_common,FDE,eu-locality-112,3719,48.81737119488291,48.95071462670388,0.27240344260107685,181.0853954643256,421.94751964792783
neural_fold1_seed29_easy_control_common,FDE,eu-locality-126,4579,40.70667621352394,40.81438017301339,0.2638872844151652,186.02531258567237,367.4904107537943
neural_fold1_seed29_easy_supported_common,FDE,eu-locality-008,121088,36.327275078289446,36.53765155314232,0.5757799582353784,137.5659622464064,282.6284069432827
neural_fold1_seed29_easy_supported_common,FDE,eu-locality-020,622,14.600713606738449,14.784980358069301,1.2463104236069111,56.473477083316624,99.18086841907973
neural_fold1_seed29_easy_supported_common,FDE,eu-locality-048,5582,59.21299803820769,59.3222642810702,0.18419095121656737,216.2196458274127,355.1127410078038
neural_fold1_seed29_easy_supported_common,FDE,eu-locality-067,4600,64.23709918979826,64.59716991132642,0.5574094376308403,207.16877909819794,394.0447029702928
neural_fold1_seed29_easy_supported_common,FDE,eu-locality-074,81289,41.31955472123606,41.75577311300411,1.0446900134922887,139.5648624843995,284.70835021406356
neural_fold1_seed29_easy_supported_common,FDE,eu-locality-082,859,25.18861578461705,25.918958934614253,2.8177950813519925,113.0556753805091,234.31504208196256
neural_fold1_seed29_easy_supported_common,FDE,eu-locality-112,3719,48.695556477648395,48.95071462670388,0.5212552074087329,181.0853954643256,421.63704764077704
neural_fold1_seed29_easy_supported_common,FDE,eu-locality-126,4579,40.693821093615924,40.81438017301339,0.2953838301265721,186.02531258567237,367.4904107537943
neural_fold1_seed29_easy_supported_at_control,FDE,eu-locality-008,121088,36.302974893780295,36.53765155314232,0.6422872006995206,137.6256602850117,282.59247855025694
neural_fold1_seed29_easy_supported_at_control,FDE,eu-locality-020,622,14.650553967724024,14.784980358069301,0.9092091236489908,56.93672195815081,99.18086841907973
neural_fold1_seed29_easy_supported_at_control,FDE,eu-locality-048,5582,59.18509007817466,59.3222642810702,0.23123561542695015,216.2196458274127,355.1127410078038
neural_fold1_seed29_easy_supported_at_control,FDE,eu-locality-067,4600,64.20210583411864,64.59716991132642,0.6115810920975129,207.16877909819794,394.0447029702928
neural_fold1_seed29_easy_supported_at_control,FDE,eu-locality-074,81289,41.351943070786255,41.75577311300411,0.9671238540475913,139.62325737906264,284.89604093693316
neural_fold1_seed29_easy_supported_at_control,FDE,eu-locality-082,859,25.17991083418835,25.918958934614253,2.8513803439802365,113.0556753805091,234.31504208196256
neural_fold1_seed29_easy_supported_at_control,FDE,eu-locality-112,3719,48.69531169090079,48.95071462670388,0.5217552751799026,181.0853954643256,421.63704764077704
neural_fold1_seed29_easy_supported_at_control,FDE,eu-locality-126,4579,40.65806795073203,40.81438017301339,0.38298320743508363,186.02531258567237,367.4904107537943
neural_fold1_seed29_easy_control_at_supported,FDE,eu-locality-008,121088,36.32779823297526,36.53765155314232,0.5743481347229795,137.36749630266763,282.4295914053778
neural_fold1_seed29_easy_control_at_supported,FDE,eu-locality-020,622,14.380483128709416,14.784980358069301,2.7358658555073356,54.18434016797015,99.18086841907973
neural_fold1_seed29_easy_control_at_supported,FDE,eu-locality-048,5582,59.21728793067204,59.3222642810702,0.1769594462894597,216.2196458274127,355.1127410078038
neural_fold1_seed29_easy_control_at_supported,FDE,eu-locality-067,4600,64.34933390088678,64.59716991132642,0.38366388307700117,207.16877909819794,394.0447029702928
neural_fold1_seed29_easy_control_at_supported,FDE,eu-locality-074,81289,41.45221462166211,41.75577311300411,0.7269856805680042,139.9523579993113,285.7408772946046
neural_fold1_seed29_easy_control_at_supported,FDE,eu-locality-082,859,25.302431645865656,25.918958934614253,2.3786730412433177,114.66976098816347,234.31504208196256
neural_fold1_seed29_easy_control_at_supported,FDE,eu-locality-112,3719,48.81838456196817,48.95071462670388,0.2703332642737699,181.0853954643256,421.94751964792783
neural_fold1_seed29_easy_control_at_supported,FDE,eu-locality-126,4579,40.73283917257204,40.81438017301339,0.19978497798004424,186.02531258567237,367.4904107537943
damping097_fold1_seed29_all_control_original,FDE,eu-locality-008,121088,34.465173175388124,36.53765155314232,5.672171827299488,131.22724704265298,274.13915252200854
damping097_fold1_seed29_all_control_original,FDE,eu-locality-020,622,14.57097407404951,14.784980358069301,1.4474573441214722,51.424750580148505,102.34943144507893
damping097_fold1_seed29_all_control_original,FDE,eu-locality-048,5582,54.909741288107654,59.3222642810702,7.438224158228202,205.9308578995662,337.21152693945004
damping097_fold1_seed29_all_control_original,FDE,eu-locality-067,4600,59.191551514338784,64.59716991132642,8.368196941766982,198.81418052756212,382.15481267410917
damping097_fold1_seed29_all_control_original,FDE,eu-locality-074,81289,38.23600772778739,41.75577311300411,8.42941016968155,131.40993804199869,273.33041785526626
damping097_fold1_seed29_all_control_original,FDE,eu-locality-082,859,24.70193844305543,25.918958934614253,4.695483698357639,112.12734366722978,231.9913249249859
damping097_fold1_seed29_all_control_original,FDE,eu-locality-112,3719,46.030047282319,48.95071462670388,5.966546896521862,172.1283461665273,418.05856703629826
damping097_fold1_seed29_all_control_original,FDE,eu-locality-126,4579,37.82256462759003,40.81438017301339,7.330297637109662,173.75785527272393,362.6891173985239
damping097_fold1_seed29_all_supported_original,FDE,eu-locality-008,121088,34.465173175388124,36.53765155314232,5.672171827299488,131.22724704265298,274.13915252200854
damping097_fold1_seed29_all_supported_original,FDE,eu-locality-020,622,14.57097407404951,14.784980358069301,1.4474573441214722,51.424750580148505,102.34943144507893
damping097_fold1_seed29_all_supported_original,FDE,eu-locality-048,5582,54.909741288107654,59.3222642810702,7.438224158228202,205.9308578995662,337.21152693945004
damping097_fold1_seed29_all_supported_original,FDE,eu-locality-067,4600,59.191551514338784,64.59716991132642,8.368196941766982,198.81418052756212,382.15481267410917
damping097_fold1_seed29_all_supported_original,FDE,eu-locality-074,81289,38.23600772778739,41.75577311300411,8.42941016968155,131.40993804199869,273.33041785526626
damping097_fold1_seed29_all_supported_original,FDE,eu-locality-082,859,24.70193844305543,25.918958934614253,4.695483698357639,112.12734366722978,231.9913249249859
damping097_fold1_seed29_all_supported_original,FDE,eu-locality-112,3719,46.030047282319,48.95071462670388,5.966546896521862,172.1283461665273,418.05856703629826
damping097_fold1_seed29_all_supported_original,FDE,eu-locality-126,4579,37.82256462759003,40.81438017301339,7.330297637109662,173.75785527272393,362.6891173985239
damping097_fold1_seed29_all_control_common,FDE,eu-locality-008,121088,34.465173175388124,36.53765155314232,5.672171827299488,131.22724704265298,274.13915252200854
damping097_fold1_seed29_all_control_common,FDE,eu-locality-020,622,14.57097407404951,14.784980358069301,1.4474573441214722,51.424750580148505,102.34943144507893
damping097_fold1_seed29_all_control_common,FDE,eu-locality-048,5582,54.909741288107654,59.3222642810702,7.438224158228202,205.9308578995662,337.21152693945004
damping097_fold1_seed29_all_control_common,FDE,eu-locality-067,4600,59.191551514338784,64.59716991132642,8.368196941766982,198.81418052756212,382.15481267410917
damping097_fold1_seed29_all_control_common,FDE,eu-locality-074,81289,38.23600772778739,41.75577311300411,8.42941016968155,131.40993804199869,273.33041785526626
damping097_fold1_seed29_all_control_common,FDE,eu-locality-082,859,24.70193844305543,25.918958934614253,4.695483698357639,112.12734366722978,231.9913249249859
damping097_fold1_seed29_all_control_common,FDE,eu-locality-112,3719,46.030047282319,48.95071462670388,5.966546896521862,172.1283461665273,418.05856703629826
damping097_fold1_seed29_all_control_common,FDE,eu-locality-126,4579,37.82256462759003,40.81438017301339,7.330297637109662,173.75785527272393,362.6891173985239
damping097_fold1_seed29_all_supported_common,FDE,eu-locality-008,121088,34.465173175388124,36.53765155314232,5.672171827299488,131.22724704265298,274.13915252200854
damping097_fold1_seed29_all_supported_common,FDE,eu-locality-020,622,14.57097407404951,14.784980358069301,1.4474573441214722,51.424750580148505,102.34943144507893
damping097_fold1_seed29_all_supported_common,FDE,eu-locality-048,5582,54.909741288107654,59.3222642810702,7.438224158228202,205.9308578995662,337.21152693945004
damping097_fold1_seed29_all_supported_common,FDE,eu-locality-067,4600,59.191551514338784,64.59716991132642,8.368196941766982,198.81418052756212,382.15481267410917
damping097_fold1_seed29_all_supported_common,FDE,eu-locality-074,81289,38.23600772778739,41.75577311300411,8.42941016968155,131.40993804199869,273.33041785526626
damping097_fold1_seed29_all_supported_common,FDE,eu-locality-082,859,24.70193844305543,25.918958934614253,4.695483698357639,112.12734366722978,231.9913249249859
damping097_fold1_seed29_all_supported_common,FDE,eu-locality-112,3719,46.030047282319,48.95071462670388,5.966546896521862,172.1283461665273,418.05856703629826
damping097_fold1_seed29_all_supported_common,FDE,eu-locality-126,4579,37.82256462759003,40.81438017301339,7.330297637109662,173.75785527272393,362.6891173985239
damping097_fold1_seed29_all_supported_at_control,FDE,eu-locality-008,121088,34.465173175388124,36.53765155314232,5.672171827299488,131.22724704265298,274.13915252200854
damping097_fold1_seed29_all_supported_at_control,FDE,eu-locality-020,622,14.57097407404951,14.784980358069301,1.4474573441214722,51.424750580148505,102.34943144507893
damping097_fold1_seed29_all_supported_at_control,FDE,eu-locality-048,5582,54.909741288107654,59.3222642810702,7.438224158228202,205.9308578995662,337.21152693945004
damping097_fold1_seed29_all_supported_at_control,FDE,eu-locality-067,4600,59.191551514338784,64.59716991132642,8.368196941766982,198.81418052756212,382.15481267410917
damping097_fold1_seed29_all_supported_at_control,FDE,eu-locality-074,81289,38.23600772778739,41.75577311300411,8.42941016968155,131.40993804199869,273.33041785526626
damping097_fold1_seed29_all_supported_at_control,FDE,eu-locality-082,859,24.70193844305543,25.918958934614253,4.695483698357639,112.12734366722978,231.9913249249859
damping097_fold1_seed29_all_supported_at_control,FDE,eu-locality-112,3719,46.030047282319,48.95071462670388,5.966546896521862,172.1283461665273,418.05856703629826
damping097_fold1_seed29_all_supported_at_control,FDE,eu-locality-126,4579,37.82256462759003,40.81438017301339,7.330297637109662,173.75785527272393,362.6891173985239
damping097_fold1_seed29_all_control_at_supported,FDE,eu-locality-008,121088,34.465173175388124,36.53765155314232,5.672171827299488,131.22724704265298,274.13915252200854
damping097_fold1_seed29_all_control_at_supported,FDE,eu-locality-020,622,14.57097407404951,14.784980358069301,1.4474573441214722,51.424750580148505,102.34943144507893
damping097_fold1_seed29_all_control_at_supported,FDE,eu-locality-048,5582,54.909741288107654,59.3222642810702,7.438224158228202,205.9308578995662,337.21152693945004
damping097_fold1_seed29_all_control_at_supported,FDE,eu-locality-067,4600,59.191551514338784,64.59716991132642,8.368196941766982,198.81418052756212,382.15481267410917
damping097_fold1_seed29_all_control_at_supported,FDE,eu-locality-074,81289,38.23600772778739,41.75577311300411,8.42941016968155,131.40993804199869,273.33041785526626
damping097_fold1_seed29_all_control_at_supported,FDE,eu-locality-082,859,24.70193844305543,25.918958934614253,4.695483698357639,112.12734366722978,231.9913249249859
damping097_fold1_seed29_all_control_at_supported,FDE,eu-locality-112,3719,46.030047282319,48.95071462670388,5.966546896521862,172.1283461665273,418.05856703629826
damping097_fold1_seed29_all_control_at_supported,FDE,eu-locality-126,4579,37.82256462759003,40.81438017301339,7.330297637109662,173.75785527272393,362.6891173985239
damping097_fold1_seed29_easy_control_original,FDE,eu-locality-008,121088,34.83585033648176,36.53765155314232,4.657664475740497,132.28861580332048,274.0280291297838
damping097_fold1_seed29_easy_control_original,FDE,eu-locality-020,622,14.72915397252254,14.784980358069301,0.37758849991499366,51.46073498309706,87.27528146599626
damping097_fold1_seed29_easy_control_original,FDE,eu-locality-048,5582,56.668708071976866,59.3222642810702,4.473120237826267,214.8412949549758,352.70833642272663
damping097_fold1_seed29_easy_control_original,FDE,eu-locality-067,4600,60.15978929418028,64.59716991132642,6.869311183814098,201.7907601197759,351.4611768896877
damping097_fold1_seed29_easy_control_original,FDE,eu-locality-074,81289,38.73856487709881,41.75577311300411,7.225846897241716,133.28418813255672,272.78328237222667
damping097_fold1_seed29_easy_control_original,FDE,eu-locality-082,859,24.46855608166751,25.918958934614253,5.595914776537403,112.79553292192367,230.20614527815545
damping097_fold1_seed29_easy_control_original,FDE,eu-locality-112,3719,45.679574466604215,48.95071462670388,6.6825176813969716,170.7601443786753,418.05856703629826
damping097_fold1_seed29_easy_control_original,FDE,eu-locality-126,4579,38.83802404496943,40.81438017301339,4.842303422632233,183.7461719652507,357.5944166110715
damping097_fold1_seed29_easy_supported_original,FDE,eu-locality-008,121088,35.32090511085919,36.53765155314232,3.3301167167611445,134.72845023975296,277.8935767572013
damping097_fold1_seed29_easy_supported_original,FDE,eu-locality-020,622,14.852803508517367,14.784980358069301,-0.4587300679844919,52.375808020598235,87.27528146599626
damping097_fold1_seed29_easy_supported_original,FDE,eu-locality-048,5582,58.02008080084287,59.3222642810702,2.195100770357572,215.06011871684706,354.65708995790095
damping097_fold1_seed29_easy_supported_original,FDE,eu-locality-067,4600,62.000730681654275,64.59716991132642,4.019431862473722,203.09808019544076,384.1657859966018
damping097_fold1_seed29_easy_supported_original,FDE,eu-locality-074,81289,39.70618360117472,41.75577311300411,4.908517694745019,136.52910147419874,279.3461772763465
damping097_fold1_seed29_easy_supported_original,FDE,eu-locality-082,859,24.92973206666535,25.918958934614253,3.816614974561383,113.0556753805091,231.9913249249859
damping097_fold1_seed29_easy_supported_original,FDE,eu-locality-112,3719,46.806408326751004,48.95071462670388,4.380541359416846,177.10691356995937,420.67114394082915
damping097_fold1_seed29_easy_supported_original,FDE,eu-locality-126,4579,39.668691828269274,40.81438017301339,2.8070703019070886,185.3311687493593,363.33929383552413
damping097_fold1_seed29_easy_control_common,FDE,eu-locality-008,121088,34.83585033648176,36.53765155314232,4.657664475740497,132.28861580332048,274.0280291297838
damping097_fold1_seed29_easy_control_common,FDE,eu-locality-020,622,14.72915397252254,14.784980358069301,0.37758849991499366,51.46073498309706,87.27528146599626
damping097_fold1_seed29_easy_control_common,FDE,eu-locality-048,5582,56.668708071976866,59.3222642810702,4.473120237826267,214.8412949549758,352.70833642272663
damping097_fold1_seed29_easy_control_common,FDE,eu-locality-067,4600,60.15978929418028,64.59716991132642,6.869311183814098,201.7907601197759,351.4611768896877
damping097_fold1_seed29_easy_control_common,FDE,eu-locality-074,81289,38.73856487709881,41.75577311300411,7.225846897241716,133.28418813255672,272.78328237222667
damping097_fold1_seed29_easy_control_common,FDE,eu-locality-082,859,24.46855608166751,25.918958934614253,5.595914776537403,112.79553292192367,230.20614527815545
damping097_fold1_seed29_easy_control_common,FDE,eu-locality-112,3719,45.679574466604215,48.95071462670388,6.6825176813969716,170.7601443786753,418.05856703629826
damping097_fold1_seed29_easy_control_common,FDE,eu-locality-126,4579,38.83802404496943,40.81438017301339,4.842303422632233,183.7461719652507,357.5944166110715
damping097_fold1_seed29_easy_supported_common,FDE,eu-locality-008,121088,35.32090511085919,36.53765155314232,3.3301167167611445,134.72845023975296,277.8935767572013
damping097_fold1_seed29_easy_supported_common,FDE,eu-locality-020,622,14.852803508517367,14.784980358069301,-0.4587300679844919,52.375808020598235,87.27528146599626
damping097_fold1_seed29_easy_supported_common,FDE,eu-locality-048,5582,58.02008080084287,59.3222642810702,2.195100770357572,215.06011871684706,354.65708995790095
damping097_fold1_seed29_easy_supported_common,FDE,eu-locality-067,4600,62.000730681654275,64.59716991132642,4.019431862473722,203.09808019544076,384.1657859966018
damping097_fold1_seed29_easy_supported_common,FDE,eu-locality-074,81289,39.70618360117472,41.75577311300411,4.908517694745019,136.52910147419874,279.3461772763465
damping097_fold1_seed29_easy_supported_common,FDE,eu-locality-082,859,24.92973206666535,25.918958934614253,3.816614974561383,113.0556753805091,231.9913249249859
damping097_fold1_seed29_easy_supported_common,FDE,eu-locality-112,3719,46.806408326751004,48.95071462670388,4.380541359416846,177.10691356995937,420.67114394082915
damping097_fold1_seed29_easy_supported_common,FDE,eu-locality-126,4579,39.668691828269274,40.81438017301339,2.8070703019070886,185.3311687493593,363.33929383552413
damping097_fold1_seed29_easy_supported_at_control,FDE,eu-locality-008,121088,34.75512349129897,36.53765155314232,4.878606002497854,131.90610096168712,272.7901870345923
damping097_fold1_seed29_easy_supported_at_control,FDE,eu-locality-020,622,14.704416070815688,14.784980358069301,0.5449062853143616,50.3975578298127,87.27528146599626
damping097_fold1_seed29_easy_supported_at_control,FDE,eu-locality-048,5582,56.93649750222696,59.3222642810702,4.0217055228023995,214.8412949549758,352.70833642272663
damping097_fold1_seed29_easy_supported_at_control,FDE,eu-locality-067,4600,60.04642306429219,64.59716991132642,7.044808392195989,201.06736126374938,351.3913608902501
damping097_fold1_seed29_easy_supported_at_control,FDE,eu-locality-074,81289,38.75746851671854,41.75577311300411,7.1805749786292505,133.52212176184642,274.1989798091915
damping097_fold1_seed29_easy_supported_at_control,FDE,eu-locality-082,859,24.65800034991916,25.918958934614253,4.865004755307156,112.79553292192367,231.9913249249859
damping097_fold1_seed29_easy_supported_at_control,FDE,eu-locality-112,3719,45.74410921284905,48.95071462670388,6.5506815136577075,170.7601443786753,414.1148860954396
damping097_fold1_seed29_easy_supported_at_control,FDE,eu-locality-126,4579,38.8933390264537,40.81438017301339,4.706775255231943,185.08827362200805,356.7740776726517
damping097_fold1_seed29_easy_control_at_supported,FDE,eu-locality-008,121088,35.47593465714044,36.53765155314232,2.9058159210305523,134.53971334843186,278.5342298843029
damping097_fold1_seed29_easy_control_at_supported,FDE,eu-locality-020,622,14.770456499469681,14.784980358069301,0.09823387145518891,51.46073498309706,87.27528146599626
damping097_fold1_seed29_easy_control_at_supported,FDE,eu-locality-048,5582,57.839650849789614,59.3222642810702,2.4992529352148907,214.8412949549758,352.47041601351646
damping097_fold1_seed29_easy_control_at_supported,FDE,eu-locality-067,4600,62.66177114747614,64.59716991132642,2.9961045762639915,206.79496247861942,394.0447029702928
damping097_fold1_seed29_easy_control_at_supported,FDE,eu-locality-074,81289,39.70722240625173,41.75577311300411,4.906029882881979,136.29803956716916,278.94236072763476
damping097_fold1_seed29_easy_control_at_supported,FDE,eu-locality-082,859,25.06391956707034,25.918958934614253,3.2988954907522405,115.16354557853296,231.9913249249859
damping097_fold1_seed29_easy_control_at_supported,FDE,eu-locality-112,3719,46.662930082628435,48.95071462670388,4.673648917124074,175.18580342715,421.94751964792783
damping097_fold1_seed29_easy_control_at_supported,FDE,eu-locality-126,4579,39.57479463680222,40.81438017301339,3.037129391544191,185.67424399955024,363.33929383552413
neural_fold1_seed43_all_control_original,FDE,eu-locality-008,121088,34.03415748672627,36.53765155314232,6.8518198625186155,134.98129026561608,276.39767200615364
neural_fold1_seed43_all_control_original,FDE,eu-locality-020,622,14.429801760645649,14.784980358069301,2.4022933329756135,54.18434016797015,99.18086841907973
neural_fold1_seed43_all_control_original,FDE,eu-locality-048,5582,57.24244535089324,59.3222642810702,3.505966866542265,214.07497285874004,353.57770493567324
neural_fold1_seed43_all_control_original,FDE,eu-locality-067,4600,61.756229836421426,64.59716991132642,4.397932724924014,203.65453272263986,394.0447029702928
neural_fold1_seed43_all_control_original,FDE,eu-locality-074,81289,39.45840729915573,41.75577311300411,5.5019118138011525,136.69521389249545,281.2297935382183
neural_fold1_seed43_all_control_original,FDE,eu-locality-082,859,25.098964135594237,25.918958934614253,3.1636872495095836,113.0556753805091,234.31504208196256
neural_fold1_seed43_all_control_original,FDE,eu-locality-112,3719,45.91824611144686,48.95071462670388,6.194942276905446,181.60939976466122,421.63704764077704
neural_fold1_seed43_all_control_original,FDE,eu-locality-126,4579,38.9984474598114,40.81438017301339,4.449247313089632,185.19670474100133,367.4904107537943
neural_fold1_seed43_all_supported_original,FDE,eu-locality-008,121088,34.03415748672627,36.53765155314232,6.8518198625186155,134.98129026561608,276.39767200615364
neural_fold1_seed43_all_supported_original,FDE,eu-locality-020,622,14.429801760645649,14.784980358069301,2.4022933329756135,54.18434016797015,99.18086841907973
neural_fold1_seed43_all_supported_original,FDE,eu-locality-048,5582,57.24244535089324,59.3222642810702,3.505966866542265,214.07497285874004,353.57770493567324
neural_fold1_seed43_all_supported_original,FDE,eu-locality-067,4600,61.756229836421426,64.59716991132642,4.397932724924014,203.65453272263986,394.0447029702928
neural_fold1_seed43_all_supported_original,FDE,eu-locality-074,81289,39.45840729915573,41.75577311300411,5.5019118138011525,136.69521389249545,281.2297935382183
neural_fold1_seed43_all_supported_original,FDE,eu-locality-082,859,25.098964135594237,25.918958934614253,3.1636872495095836,113.0556753805091,234.31504208196256
neural_fold1_seed43_all_supported_original,FDE,eu-locality-112,3719,45.91824611144686,48.95071462670388,6.194942276905446,181.60939976466122,421.63704764077704
neural_fold1_seed43_all_supported_original,FDE,eu-locality-126,4579,38.9984474598114,40.81438017301339,4.449247313089632,185.19670474100133,367.4904107537943
neural_fold1_seed43_all_control_common,FDE,eu-locality-008,121088,34.03415748672627,36.53765155314232,6.8518198625186155,134.98129026561608,276.39767200615364
neural_fold1_seed43_all_control_common,FDE,eu-locality-020,622,14.429801760645649,14.784980358069301,2.4022933329756135,54.18434016797015,99.18086841907973
neural_fold1_seed43_all_control_common,FDE,eu-locality-048,5582,57.24244535089324,59.3222642810702,3.505966866542265,214.07497285874004,353.57770493567324
neural_fold1_seed43_all_control_common,FDE,eu-locality-067,4600,61.756229836421426,64.59716991132642,4.397932724924014,203.65453272263986,394.0447029702928
neural_fold1_seed43_all_control_common,FDE,eu-locality-074,81289,39.45840729915573,41.75577311300411,5.5019118138011525,136.69521389249545,281.2297935382183
neural_fold1_seed43_all_control_common,FDE,eu-locality-082,859,25.098964135594237,25.918958934614253,3.1636872495095836,113.0556753805091,234.31504208196256
neural_fold1_seed43_all_control_common,FDE,eu-locality-112,3719,45.91824611144686,48.95071462670388,6.194942276905446,181.60939976466122,421.63704764077704
neural_fold1_seed43_all_control_common,FDE,eu-locality-126,4579,38.9984474598114,40.81438017301339,4.449247313089632,185.19670474100133,367.4904107537943
neural_fold1_seed43_all_supported_common,FDE,eu-locality-008,121088,34.03415748672627,36.53765155314232,6.8518198625186155,134.98129026561608,276.39767200615364
neural_fold1_seed43_all_supported_common,FDE,eu-locality-020,622,14.429801760645649,14.784980358069301,2.4022933329756135,54.18434016797015,99.18086841907973
neural_fold1_seed43_all_supported_common,FDE,eu-locality-048,5582,57.24244535089324,59.3222642810702,3.505966866542265,214.07497285874004,353.57770493567324
neural_fold1_seed43_all_supported_common,FDE,eu-locality-067,4600,61.756229836421426,64.59716991132642,4.397932724924014,203.65453272263986,394.0447029702928
neural_fold1_seed43_all_supported_common,FDE,eu-locality-074,81289,39.45840729915573,41.75577311300411,5.5019118138011525,136.69521389249545,281.2297935382183
neural_fold1_seed43_all_supported_common,FDE,eu-locality-082,859,25.098964135594237,25.918958934614253,3.1636872495095836,113.0556753805091,234.31504208196256
neural_fold1_seed43_all_supported_common,FDE,eu-locality-112,3719,45.91824611144686,48.95071462670388,6.194942276905446,181.60939976466122,421.63704764077704
neural_fold1_seed43_all_supported_common,FDE,eu-locality-126,4579,38.9984474598114,40.81438017301339,4.449247313089632,185.19670474100133,367.4904107537943
neural_fold1_seed43_all_supported_at_control,FDE,eu-locality-008,121088,34.03415748672627,36.53765155314232,6.8518198625186155,134.98129026561608,276.39767200615364
neural_fold1_seed43_all_supported_at_control,FDE,eu-locality-020,622,14.429801760645649,14.784980358069301,2.4022933329756135,54.18434016797015,99.18086841907973
neural_fold1_seed43_all_supported_at_control,FDE,eu-locality-048,5582,57.24244535089324,59.3222642810702,3.505966866542265,214.07497285874004,353.57770493567324
neural_fold1_seed43_all_supported_at_control,FDE,eu-locality-067,4600,61.756229836421426,64.59716991132642,4.397932724924014,203.65453272263986,394.0447029702928
neural_fold1_seed43_all_supported_at_control,FDE,eu-locality-074,81289,39.45840729915573,41.75577311300411,5.5019118138011525,136.69521389249545,281.2297935382183
neural_fold1_seed43_all_supported_at_control,FDE,eu-locality-082,859,25.098964135594237,25.918958934614253,3.1636872495095836,113.0556753805091,234.31504208196256
neural_fold1_seed43_all_supported_at_control,FDE,eu-locality-112,3719,45.91824611144686,48.95071462670388,6.194942276905446,181.60939976466122,421.63704764077704
neural_fold1_seed43_all_supported_at_control,FDE,eu-locality-126,4579,38.9984474598114,40.81438017301339,4.449247313089632,185.19670474100133,367.4904107537943
neural_fold1_seed43_all_control_at_supported,FDE,eu-locality-008,121088,34.03415748672627,36.53765155314232,6.8518198625186155,134.98129026561608,276.39767200615364
neural_fold1_seed43_all_control_at_supported,FDE,eu-locality-020,622,14.429801760645649,14.784980358069301,2.4022933329756135,54.18434016797015,99.18086841907973
neural_fold1_seed43_all_control_at_supported,FDE,eu-locality-048,5582,57.24244535089324,59.3222642810702,3.505966866542265,214.07497285874004,353.57770493567324
neural_fold1_seed43_all_control_at_supported,FDE,eu-locality-067,4600,61.756229836421426,64.59716991132642,4.397932724924014,203.65453272263986,394.0447029702928
neural_fold1_seed43_all_control_at_supported,FDE,eu-locality-074,81289,39.45840729915573,41.75577311300411,5.5019118138011525,136.69521389249545,281.2297935382183
neural_fold1_seed43_all_control_at_supported,FDE,eu-locality-082,859,25.098964135594237,25.918958934614253,3.1636872495095836,113.0556753805091,234.31504208196256
neural_fold1_seed43_all_control_at_supported,FDE,eu-locality-112,3719,45.91824611144686,48.95071462670388,6.194942276905446,181.60939976466122,421.63704764077704
neural_fold1_seed43_all_control_at_supported,FDE,eu-locality-126,4579,38.9984474598114,40.81438017301339,4.449247313089632,185.19670474100133,367.4904107537943
neural_fold1_seed43_easy_control_original,FDE,eu-locality-008,121088,36.37663075535132,36.53765155314232,0.4406982686251726,137.36141233496687,282.4295914053778
neural_fold1_seed43_easy_control_original,FDE,eu-locality-020,622,14.405759147226567,14.784980358069301,2.564908452081671,54.18434016797015,99.18086841907973
neural_fold1_seed43_easy_control_original,FDE,eu-locality-048,5582,59.24766101042144,59.3222642810702,0.1257593106953725,216.2196458274127,355.1127410078038
neural_fold1_seed43_easy_control_original,FDE,eu-locality-067,4600,64.42898221456709,64.59716991132642,0.2603638781547346,207.16877909819794,394.0447029702928
neural_fold1_seed43_easy_control_original,FDE,eu-locality-074,81289,41.56063618679406,41.75577311300411,0.4673292138118179,140.1910599537073,285.878036596077
neural_fold1_seed43_easy_control_original,FDE,eu-locality-082,859,25.621211097209972,25.918958934614253,1.1487646481303848,114.66976098816347,234.31504208196256
neural_fold1_seed43_easy_control_original,FDE,eu-locality-112,3719,48.86840763513189,48.95071462670388,0.1681425740148179,180.87314969023402,421.94751964792783
neural_fold1_seed43_easy_control_original,FDE,eu-locality-126,4579,40.71749310559903,40.81438017301339,0.23738463503218954,186.02531258567237,367.4904107537943
neural_fold1_seed43_easy_supported_original,FDE,eu-locality-008,121088,36.3348012398003,36.53765155314232,0.5551815858963471,138.70785734404637,282.9109967896105
neural_fold1_seed43_easy_supported_original,FDE,eu-locality-020,622,14.623693316139843,14.784980358069301,1.0908843841745952,57.527108787089034,99.18086841907973
neural_fold1_seed43_easy_supported_original,FDE,eu-locality-048,5582,59.29296238982364,59.3222642810702,0.049394424844817486,216.55248685578948,355.1127410078038
neural_fold1_seed43_easy_supported_original,FDE,eu-locality-067,4600,64.31777393690597,64.59716991132642,0.4325204568620955,206.85976427298237,394.0447029702928
neural_fold1_seed43_easy_supported_original,FDE,eu-locality-074,81289,41.00936770091755,41.75577311300411,1.7875502150721867,138.7529040806522,280.1394566861853
neural_fold1_seed43_easy_supported_original,FDE,eu-locality-082,859,25.439982694643486,25.918958934614253,1.8479763835387075,114.66976098816347,234.31504208196256
neural_fold1_seed43_easy_supported_original,FDE,eu-locality-112,3719,48.690249784929826,48.95071462670388,0.5320960965745747,181.0853954643256,421.94751964792783
neural_fold1_seed43_easy_supported_original,FDE,eu-locality-126,4579,40.74837634881862,40.81438017301339,0.1617170808792867,186.11115619235218,367.4904107537943
neural_fold1_seed43_easy_control_common,FDE,eu-locality-008,121088,36.37663075535132,36.53765155314232,0.4406982686251726,137.36141233496687,282.4295914053778
neural_fold1_seed43_easy_control_common,FDE,eu-locality-020,622,14.405759147226567,14.784980358069301,2.564908452081671,54.18434016797015,99.18086841907973
neural_fold1_seed43_easy_control_common,FDE,eu-locality-048,5582,59.24766101042144,59.3222642810702,0.1257593106953725,216.2196458274127,355.1127410078038
neural_fold1_seed43_easy_control_common,FDE,eu-locality-067,4600,64.42898221456709,64.59716991132642,0.2603638781547346,207.16877909819794,394.0447029702928
neural_fold1_seed43_easy_control_common,FDE,eu-locality-074,81289,41.56063618679406,41.75577311300411,0.4673292138118179,140.1910599537073,285.878036596077
neural_fold1_seed43_easy_control_common,FDE,eu-locality-082,859,25.621211097209972,25.918958934614253,1.1487646481303848,114.66976098816347,234.31504208196256
neural_fold1_seed43_easy_control_common,FDE,eu-locality-112,3719,48.86840763513189,48.95071462670388,0.1681425740148179,180.87314969023402,421.94751964792783
neural_fold1_seed43_easy_control_common,FDE,eu-locality-126,4579,40.71749310559903,40.81438017301339,0.23738463503218954,186.02531258567237,367.4904107537943
neural_fold1_seed43_easy_supported_common,FDE,eu-locality-008,121088,36.3348012398003,36.53765155314232,0.5551815858963471,138.70785734404637,282.9109967896105
neural_fold1_seed43_easy_supported_common,FDE,eu-locality-020,622,14.623693316139843,14.784980358069301,1.0908843841745952,57.527108787089034,99.18086841907973
neural_fold1_seed43_easy_supported_common,FDE,eu-locality-048,5582,59.29296238982364,59.3222642810702,0.049394424844817486,216.55248685578948,355.1127410078038
neural_fold1_seed43_easy_supported_common,FDE,eu-locality-067,4600,64.31777393690597,64.59716991132642,0.4325204568620955,206.85976427298237,394.0447029702928
neural_fold1_seed43_easy_supported_common,FDE,eu-locality-074,81289,41.00936770091755,41.75577311300411,1.7875502150721867,138.7529040806522,280.1394566861853
neural_fold1_seed43_easy_supported_common,FDE,eu-locality-082,859,25.439982694643486,25.918958934614253,1.8479763835387075,114.66976098816347,234.31504208196256
neural_fold1_seed43_easy_supported_common,FDE,eu-locality-112,3719,48.690249784929826,48.95071462670388,0.5320960965745747,181.0853954643256,421.94751964792783
neural_fold1_seed43_easy_supported_common,FDE,eu-locality-126,4579,40.74837634881862,40.81438017301339,0.1617170808792867,186.11115619235218,367.4904107537943
neural_fold1_seed43_easy_supported_at_control,FDE,eu-locality-008,121088,36.4024643037085,36.53765155314232,0.3699943583872489,137.94815967632047,282.91928457565297
neural_fold1_seed43_easy_supported_at_control,FDE,eu-locality-020,622,14.422607310122517,14.784980358069301,2.450953867848793,54.18434016797015,99.18086841907973
neural_fold1_seed43_easy_supported_at_control,FDE,eu-locality-048,5582,59.2883098077076,59.3222642810702,0.057237318524661074,216.2196458274127,355.1127410078038
neural_fold1_seed43_easy_supported_at_control,FDE,eu-locality-067,4600,64.38060633307163,64.59716991132642,0.3352524244515265,207.16877909819794,394.0447029702928
neural_fold1_seed43_easy_supported_at_control,FDE,eu-locality-074,81289,41.253870569057455,41.75577311300411,1.2019955721771725,139.1163110723047,281.55122298373004
neural_fold1_seed43_easy_supported_at_control,FDE,eu-locality-082,859,25.545439046555174,25.918958934614253,1.4411068322665144,114.66976098816347,234.31504208196256
neural_fold1_seed43_easy_supported_at_control,FDE,eu-locality-112,3719,48.682898850164165,48.95071462670388,0.5471131087300019,181.0853954643256,421.63704764077704
neural_fold1_seed43_easy_supported_at_control,FDE,eu-locality-126,4579,40.7455403470897,40.81438017301339,0.1686656164613387,186.11115619235218,367.4904107537943
neural_fold1_seed43_easy_control_at_supported,FDE,eu-locality-008,121088,36.28638135073128,36.53765155314232,0.6877021147502438,137.45735341874695,282.6284069432827
neural_fold1_seed43_easy_control_at_supported,FDE,eu-locality-020,622,14.391008860188604,14.784980358069301,2.664673799621764,54.18434016797015,99.18086841907973
neural_fold1_seed43_easy_control_at_supported,FDE,eu-locality-048,5582,59.21521594184924,59.3222642810702,0.1804522138834086,216.2196458274127,355.1127410078038
neural_fold1_seed43_easy_control_at_supported,FDE,eu-locality-067,4600,64.42729680763715,64.59716991132642,0.2629729815136761,207.16877909819794,394.0447029702928
neural_fold1_seed43_easy_control_at_supported,FDE,eu-locality-074,81289,41.41420463652255,41.75577311300411,0.8180149737790021,139.97321039078398,285.6624090885739
neural_fold1_seed43_easy_control_at_supported,FDE,eu-locality-082,859,25.50128238513664,25.918958934614253,1.6114711649155566,114.66976098816347,234.31504208196256
neural_fold1_seed43_easy_control_at_supported,FDE,eu-locality-112,3719,48.80541078685604,48.95071462670388,0.2968370144459054,180.87314969023402,421.94751964792783
neural_fold1_seed43_easy_control_at_supported,FDE,eu-locality-126,4579,40.70795687528388,40.81438017301339,0.2607495134763327,186.02531258567237,367.4904107537943
damping097_fold1_seed43_all_control_original,FDE,eu-locality-008,121088,34.274981349843245,36.53765155314232,6.1927083627915325,129.99382668048256,271.6459605990595
damping097_fold1_seed43_all_control_original,FDE,eu-locality-020,622,14.581533392650117,14.784980358069301,1.3760381176843972,52.375808020598235,102.34943144507893
damping097_fold1_seed43_all_control_original,FDE,eu-locality-048,5582,54.78556331263762,59.3222642810702,7.647551932504781,205.9308578995662,338.7052191740525
damping097_fold1_seed43_all_control_original,FDE,eu-locality-067,4600,59.68686269579977,64.59716991132642,7.601427775035818,198.80762906247043,385.15124900395807
damping097_fold1_seed43_all_control_original,FDE,eu-locality-074,81289,38.23793785012266,41.75577311300411,8.424787761350006,131.176673039988,270.96952375502593
damping097_fold1_seed43_all_control_original,FDE,eu-locality-082,859,25.08953259323054,25.918958934614253,3.200075834357796,114.66976098816347,229.79762677801716
damping097_fold1_seed43_all_control_original,FDE,eu-locality-112,3719,45.815365155951746,48.95071462670388,6.405114807132395,172.51106877249413,418.05856703629826
damping097_fold1_seed43_all_control_original,FDE,eu-locality-126,4579,37.5814816545571,40.81438017301339,7.920979088134949,172.91797898582476,361.80204808770327
damping097_fold1_seed43_all_supported_original,FDE,eu-locality-008,121088,34.274981349843245,36.53765155314232,6.1927083627915325,129.99382668048256,271.6459605990595
damping097_fold1_seed43_all_supported_original,FDE,eu-locality-020,622,14.581533392650117,14.784980358069301,1.3760381176843972,52.375808020598235,102.34943144507893
damping097_fold1_seed43_all_supported_original,FDE,eu-locality-048,5582,54.78556331263762,59.3222642810702,7.647551932504781,205.9308578995662,338.7052191740525
damping097_fold1_seed43_all_supported_original,FDE,eu-locality-067,4600,59.68686269579977,64.59716991132642,7.601427775035818,198.80762906247043,385.15124900395807
damping097_fold1_seed43_all_supported_original,FDE,eu-locality-074,81289,38.23793785012266,41.75577311300411,8.424787761350006,131.176673039988,270.96952375502593
damping097_fold1_seed43_all_supported_original,FDE,eu-locality-082,859,25.08953259323054,25.918958934614253,3.200075834357796,114.66976098816347,229.79762677801716
damping097_fold1_seed43_all_supported_original,FDE,eu-locality-112,3719,45.815365155951746,48.95071462670388,6.405114807132395,172.51106877249413,418.05856703629826
damping097_fold1_seed43_all_supported_original,FDE,eu-locality-126,4579,37.5814816545571,40.81438017301339,7.920979088134949,172.91797898582476,361.80204808770327
damping097_fold1_seed43_all_control_common,FDE,eu-locality-008,121088,34.274981349843245,36.53765155314232,6.1927083627915325,129.99382668048256,271.6459605990595
damping097_fold1_seed43_all_control_common,FDE,eu-locality-020,622,14.581533392650117,14.784980358069301,1.3760381176843972,52.375808020598235,102.34943144507893
damping097_fold1_seed43_all_control_common,FDE,eu-locality-048,5582,54.78556331263762,59.3222642810702,7.647551932504781,205.9308578995662,338.7052191740525
damping097_fold1_seed43_all_control_common,FDE,eu-locality-067,4600,59.68686269579977,64.59716991132642,7.601427775035818,198.80762906247043,385.15124900395807
damping097_fold1_seed43_all_control_common,FDE,eu-locality-074,81289,38.23793785012266,41.75577311300411,8.424787761350006,131.176673039988,270.96952375502593
damping097_fold1_seed43_all_control_common,FDE,eu-locality-082,859,25.08953259323054,25.918958934614253,3.200075834357796,114.66976098816347,229.79762677801716
damping097_fold1_seed43_all_control_common,FDE,eu-locality-112,3719,45.815365155951746,48.95071462670388,6.405114807132395,172.51106877249413,418.05856703629826
damping097_fold1_seed43_all_control_common,FDE,eu-locality-126,4579,37.5814816545571,40.81438017301339,7.920979088134949,172.91797898582476,361.80204808770327
damping097_fold1_seed43_all_supported_common,FDE,eu-locality-008,121088,34.274981349843245,36.53765155314232,6.1927083627915325,129.99382668048256,271.6459605990595
damping097_fold1_seed43_all_supported_common,FDE,eu-locality-020,622,14.581533392650117,14.784980358069301,1.3760381176843972,52.375808020598235,102.34943144507893
damping097_fold1_seed43_all_supported_common,FDE,eu-locality-048,5582,54.78556331263762,59.3222642810702,7.647551932504781,205.9308578995662,338.7052191740525
damping097_fold1_seed43_all_supported_common,FDE,eu-locality-067,4600,59.68686269579977,64.59716991132642,7.601427775035818,198.80762906247043,385.15124900395807
damping097_fold1_seed43_all_supported_common,FDE,eu-locality-074,81289,38.23793785012266,41.75577311300411,8.424787761350006,131.176673039988,270.96952375502593
damping097_fold1_seed43_all_supported_common,FDE,eu-locality-082,859,25.08953259323054,25.918958934614253,3.200075834357796,114.66976098816347,229.79762677801716
damping097_fold1_seed43_all_supported_common,FDE,eu-locality-112,3719,45.815365155951746,48.95071462670388,6.405114807132395,172.51106877249413,418.05856703629826
damping097_fold1_seed43_all_supported_common,FDE,eu-locality-126,4579,37.5814816545571,40.81438017301339,7.920979088134949,172.91797898582476,361.80204808770327
damping097_fold1_seed43_all_supported_at_control,FDE,eu-locality-008,121088,34.274981349843245,36.53765155314232,6.1927083627915325,129.99382668048256,271.6459605990595
damping097_fold1_seed43_all_supported_at_control,FDE,eu-locality-020,622,14.581533392650117,14.784980358069301,1.3760381176843972,52.375808020598235,102.34943144507893
damping097_fold1_seed43_all_supported_at_control,FDE,eu-locality-048,5582,54.78556331263762,59.3222642810702,7.647551932504781,205.9308578995662,338.7052191740525
damping097_fold1_seed43_all_supported_at_control,FDE,eu-locality-067,4600,59.68686269579977,64.59716991132642,7.601427775035818,198.80762906247043,385.15124900395807
damping097_fold1_seed43_all_supported_at_control,FDE,eu-locality-074,81289,38.23793785012266,41.75577311300411,8.424787761350006,131.176673039988,270.96952375502593
damping097_fold1_seed43_all_supported_at_control,FDE,eu-locality-082,859,25.08953259323054,25.918958934614253,3.200075834357796,114.66976098816347,229.79762677801716
damping097_fold1_seed43_all_supported_at_control,FDE,eu-locality-112,3719,45.815365155951746,48.95071462670388,6.405114807132395,172.51106877249413,418.05856703629826
damping097_fold1_seed43_all_supported_at_control,FDE,eu-locality-126,4579,37.5814816545571,40.81438017301339,7.920979088134949,172.91797898582476,361.80204808770327
damping097_fold1_seed43_all_control_at_supported,FDE,eu-locality-008,121088,34.274981349843245,36.53765155314232,6.1927083627915325,129.99382668048256,271.6459605990595
damping097_fold1_seed43_all_control_at_supported,FDE,eu-locality-020,622,14.581533392650117,14.784980358069301,1.3760381176843972,52.375808020598235,102.34943144507893
damping097_fold1_seed43_all_control_at_supported,FDE,eu-locality-048,5582,54.78556331263762,59.3222642810702,7.647551932504781,205.9308578995662,338.7052191740525
damping097_fold1_seed43_all_control_at_supported,FDE,eu-locality-067,4600,59.68686269579977,64.59716991132642,7.601427775035818,198.80762906247043,385.15124900395807
damping097_fold1_seed43_all_control_at_supported,FDE,eu-locality-074,81289,38.23793785012266,41.75577311300411,8.424787761350006,131.176673039988,270.96952375502593
damping097_fold1_seed43_all_control_at_supported,FDE,eu-locality-082,859,25.08953259323054,25.918958934614253,3.200075834357796,114.66976098816347,229.79762677801716
damping097_fold1_seed43_all_control_at_supported,FDE,eu-locality-112,3719,45.815365155951746,48.95071462670388,6.405114807132395,172.51106877249413,418.05856703629826
damping097_fold1_seed43_all_control_at_supported,FDE,eu-locality-126,4579,37.5814816545571,40.81438017301339,7.920979088134949,172.91797898582476,361.80204808770327
damping097_fold1_seed43_easy_control_original,FDE,eu-locality-008,121088,34.70522955141766,36.53765155314232,5.015160865113311,131.6474818782137,273.40819109252726
damping097_fold1_seed43_easy_control_original,FDE,eu-locality-020,622,14.318854881829532,14.784980358069301,3.152695945147932,51.09735796981506,87.27528146599626
damping097_fold1_seed43_easy_control_original,FDE,eu-locality-048,5582,56.68065164408687,59.3222642810702,4.452986865887832,214.16157398254268,355.4563120785641
damping097_fold1_seed43_easy_control_original,FDE,eu-locality-067,4600,60.891201288677124,64.59716991132642,5.73704487013369,201.16703755895213,391.339165882228
damping097_fold1_seed43_easy_control_original,FDE,eu-locality-074,81289,38.56545164772198,41.75577311300411,7.640432034746736,133.02375034812815,271.98605613054144
damping097_fold1_seed43_easy_control_original,FDE,eu-locality-082,859,24.919673129086217,25.918958934614253,3.8554241628644625,113.0556753805091,229.79762677801716
damping097_fold1_seed43_easy_control_original,FDE,eu-locality-112,3719,45.75911147557461,48.95071462670388,6.520033824773142,173.61176339342617,418.15878467605864
damping097_fold1_seed43_easy_control_original,FDE,eu-locality-126,4579,38.389054630534595,40.81438017301339,5.942330943647233,179.18813638039182,358.73577042289884
damping097_fold1_seed43_easy_supported_original,FDE,eu-locality-008,121088,35.329540540793595,36.53765155314232,3.306482384593279,134.79495279209004,276.9255765806054
damping097_fold1_seed43_easy_supported_original,FDE,eu-locality-020,622,14.322826949411713,14.784980358069301,3.1258303864120873,51.09735796981506,87.27528146599626
damping097_fold1_seed43_easy_supported_original,FDE,eu-locality-048,5582,57.8631720118773,59.3222642810702,2.4596031302508647,214.87296264126485,352.77342917410823
damping097_fold1_seed43_easy_supported_original,FDE,eu-locality-067,4600,62.19708902485188,64.59716991132642,3.7154582619782994,206.13185339018753,381.6312506904558
damping097_fold1_seed43_easy_supported_original,FDE,eu-locality-074,81289,39.419213577725394,41.75577311300411,5.595776011511655,135.72718392692352,277.3987340099485
damping097_fold1_seed43_easy_supported_original,FDE,eu-locality-082,859,24.96777716501023,25.918958934614253,3.6698301502138597,113.0556753805091,229.79762677801716
damping097_fold1_seed43_easy_supported_original,FDE,eu-locality-112,3719,46.646581770065566,48.95071462670388,4.707046412313964,179.16457362474185,421.94751964792783
damping097_fold1_seed43_easy_supported_original,FDE,eu-locality-126,4579,39.40687229183166,40.81438017301339,3.448558756044462,185.08827362200805,367.1898761479505
damping097_fold1_seed43_easy_control_common,FDE,eu-locality-008,121088,34.70522955141766,36.53765155314232,5.015160865113311,131.6474818782137,273.40819109252726
damping097_fold1_seed43_easy_control_common,FDE,eu-locality-020,622,14.318854881829532,14.784980358069301,3.152695945147932,51.09735796981506,87.27528146599626
damping097_fold1_seed43_easy_control_common,FDE,eu-locality-048,5582,56.68065164408687,59.3222642810702,4.452986865887832,214.16157398254268,355.4563120785641
damping097_fold1_seed43_easy_control_common,FDE,eu-locality-067,4600,60.891201288677124,64.59716991132642,5.73704487013369,201.16703755895213,391.339165882228
damping097_fold1_seed43_easy_control_common,FDE,eu-locality-074,81289,38.56545164772198,41.75577311300411,7.640432034746736,133.02375034812815,271.98605613054144
damping097_fold1_seed43_easy_control_common,FDE,eu-locality-082,859,24.919673129086217,25.918958934614253,3.8554241628644625,113.0556753805091,229.79762677801716
damping097_fold1_seed43_easy_control_common,FDE,eu-locality-112,3719,45.75911147557461,48.95071462670388,6.520033824773142,173.61176339342617,418.15878467605864
damping097_fold1_seed43_easy_control_common,FDE,eu-locality-126,4579,38.389054630534595,40.81438017301339,5.942330943647233,179.18813638039182,358.73577042289884
damping097_fold1_seed43_easy_supported_common,FDE,eu-locality-008,121088,35.329540540793595,36.53765155314232,3.306482384593279,134.79495279209004,276.9255765806054
damping097_fold1_seed43_easy_supported_common,FDE,eu-locality-020,622,14.322826949411713,14.784980358069301,3.1258303864120873,51.09735796981506,87.27528146599626
damping097_fold1_seed43_easy_supported_common,FDE,eu-locality-048,5582,57.8631720118773,59.3222642810702,2.4596031302508647,214.87296264126485,352.77342917410823
damping097_fold1_seed43_easy_supported_common,FDE,eu-locality-067,4600,62.19708902485188,64.59716991132642,3.7154582619782994,206.13185339018753,381.6312506904558
damping097_fold1_seed43_easy_supported_common,FDE,eu-locality-074,81289,39.419213577725394,41.75577311300411,5.595776011511655,135.72718392692352,277.3987340099485
damping097_fold1_seed43_easy_supported_common,FDE,eu-locality-082,859,24.96777716501023,25.918958934614253,3.6698301502138597,113.0556753805091,229.79762677801716
damping097_fold1_seed43_easy_supported_common,FDE,eu-locality-112,3719,46.646581770065566,48.95071462670388,4.707046412313964,179.16457362474185,421.94751964792783
damping097_fold1_seed43_easy_supported_common,FDE,eu-locality-126,4579,39.40687229183166,40.81438017301339,3.448558756044462,185.08827362200805,367.1898761479505
damping097_fold1_seed43_easy_supported_at_control,FDE,eu-locality-008,121088,34.88662677625098,36.53765155314232,4.518694296731141,132.425252655038,272.4557755287871
damping097_fold1_seed43_easy_supported_at_control,FDE,eu-locality-020,622,14.320775188307275,14.784980358069301,3.1397077204006862,51.09735796981506,87.27528146599626
damping097_fold1_seed43_easy_supported_at_control,FDE,eu-locality-048,5582,56.95146409736464,59.3222642810702,3.996476217550715,215.22737685494633,350.78528641652764
damping097_fold1_seed43_easy_supported_at_control,FDE,eu-locality-067,4600,60.447514525939404,64.59716991132642,6.423896574855082,200.92150166544369,351.39380403456755
damping097_fold1_seed43_easy_supported_at_control,FDE,eu-locality-074,81289,38.608931241096826,41.75577311300411,7.536303694799162,133.62026079909106,271.5897514091196
damping097_fold1_seed43_easy_supported_at_control,FDE,eu-locality-082,859,24.896313595063578,25.918958934614253,3.945549441744556,113.0556753805091,229.79762677801716
damping097_fold1_seed43_easy_supported_at_control,FDE,eu-locality-112,3719,45.58489077247303,48.95071462670388,6.875944263323797,168.38951928167873,422.028639875656
damping097_fold1_seed43_easy_supported_at_control,FDE,eu-locality-126,4579,38.53655392899878,40.81438017301339,5.580940429228221,179.7532895252504,361.80204808770327
damping097_fold1_seed43_easy_control_at_supported,FDE,eu-locality-008,121088,35.16936721543395,36.53765155314232,3.744861203567673,134.025207502841,277.7425441001251
damping097_fold1_seed43_easy_control_at_supported,FDE,eu-locality-020,622,14.344559391959764,14.784980358069301,2.9788403869550284,51.09735796981506,87.27528146599626
damping097_fold1_seed43_easy_control_at_supported,FDE,eu-locality-048,5582,57.87743362190017,59.3222642810702,2.4355622238631858,216.2196458274127,353.57770493567324
damping097_fold1_seed43_easy_control_at_supported,FDE,eu-locality-067,4600,62.54150183774673,64.59716991132642,3.1822881349160337,203.7374172822713,394.0447029702928
damping097_fold1_seed43_easy_control_at_supported,FDE,eu-locality-074,81289,39.46429177972507,41.75577311300411,5.4878191982640985,135.513140054423,278.94236072763476
damping097_fold1_seed43_easy_control_at_supported,FDE,eu-locality-082,859,25.04514517390214,25.918958934614253,3.371330472479561,115.16354557853296,229.79762677801716
damping097_fold1_seed43_easy_control_at_supported,FDE,eu-locality-112,3719,46.61682291717074,48.95071462670388,4.7678399127189515,177.03291115096798,421.63704764077704
damping097_fold1_seed43_easy_control_at_supported,FDE,eu-locality-126,4579,39.47249247729146,40.81438017301339,3.2877816348885536,185.19670474100133,367.4904107537943
neural_fold2_seed17_all_control_original,FDE,eu-locality-007,3935,30.021994451451235,30.3989429494991,1.2400052813483664,102.12755623772726,178.8430245622791
neural_fold2_seed17_all_control_original,FDE,eu-locality-074,81289,41.08295429998665,41.75577311300411,1.6113192568524615,138.2673364406287,283.3904251020086
neural_fold2_seed17_all_control_original,FDE,eu-locality-082,859,25.399077869627043,25.918958934614253,2.005794547144868,113.0556753805091,229.79762677801716
neural_fold2_seed17_all_control_original,FDE,eu-locality-110,7204,57.334353646615284,58.79692993015807,2.4875045096404036,245.97966734894223,561.4173374097192
neural_fold2_seed17_all_control_original,FDE,eu-locality-112,3719,48.765410447103335,48.95071462670388,0.37855255232465135,179.90710329095978,421.63704764077704
neural_fold2_seed17_all_control_original,FDE,eu-locality-119,4147,65.48189940273235,65.72973460040133,0.377051876408252,270.5290560144782,484.5542592170748
neural_fold2_seed17_all_control_original,FDE,eu-locality-124,2645,82.747529926227,84.4124249059004,1.9723340272825407,369.6380478107621,739.9819351069635
neural_fold2_seed17_all_control_original,FDE,eu-locality-126,4579,40.342801253317134,40.81438017301339,1.1554234505025351,185.00627011604442,362.8024793499493
neural_fold2_seed17_all_supported_original,FDE,eu-locality-007,3935,30.021994451451235,30.3989429494991,1.2400052813483664,102.12755623772726,178.8430245622791
neural_fold2_seed17_all_supported_original,FDE,eu-locality-074,81289,41.08295429998665,41.75577311300411,1.6113192568524615,138.2673364406287,283.3904251020086
neural_fold2_seed17_all_supported_original,FDE,eu-locality-082,859,25.399077869627043,25.918958934614253,2.005794547144868,113.0556753805091,229.79762677801716
neural_fold2_seed17_all_supported_original,FDE,eu-locality-110,7204,57.334353646615284,58.79692993015807,2.4875045096404036,245.97966734894223,561.4173374097192
neural_fold2_seed17_all_supported_original,FDE,eu-locality-112,3719,48.765410447103335,48.95071462670388,0.37855255232465135,179.90710329095978,421.63704764077704
neural_fold2_seed17_all_supported_original,FDE,eu-locality-119,4147,65.48189940273235,65.72973460040133,0.377051876408252,270.5290560144782,484.5542592170748
neural_fold2_seed17_all_supported_original,FDE,eu-locality-124,2645,82.747529926227,84.4124249059004,1.9723340272825407,369.6380478107621,739.9819351069635
neural_fold2_seed17_all_supported_original,FDE,eu-locality-126,4579,40.342801253317134,40.81438017301339,1.1554234505025351,185.00627011604442,362.8024793499493
neural_fold2_seed17_all_control_common,FDE,eu-locality-007,3935,30.021994451451235,30.3989429494991,1.2400052813483664,102.12755623772726,178.8430245622791
neural_fold2_seed17_all_control_common,FDE,eu-locality-074,81289,41.08295429998665,41.75577311300411,1.6113192568524615,138.2673364406287,283.3904251020086
neural_fold2_seed17_all_control_common,FDE,eu-locality-082,859,25.399077869627043,25.918958934614253,2.005794547144868,113.0556753805091,229.79762677801716
neural_fold2_seed17_all_control_common,FDE,eu-locality-110,7204,57.334353646615284,58.79692993015807,2.4875045096404036,245.97966734894223,561.4173374097192
neural_fold2_seed17_all_control_common,FDE,eu-locality-112,3719,48.765410447103335,48.95071462670388,0.37855255232465135,179.90710329095978,421.63704764077704
neural_fold2_seed17_all_control_common,FDE,eu-locality-119,4147,65.48189940273235,65.72973460040133,0.377051876408252,270.5290560144782,484.5542592170748
neural_fold2_seed17_all_control_common,FDE,eu-locality-124,2645,82.747529926227,84.4124249059004,1.9723340272825407,369.6380478107621,739.9819351069635
neural_fold2_seed17_all_control_common,FDE,eu-locality-126,4579,40.342801253317134,40.81438017301339,1.1554234505025351,185.00627011604442,362.8024793499493
neural_fold2_seed17_all_supported_common,FDE,eu-locality-007,3935,30.021994451451235,30.3989429494991,1.2400052813483664,102.12755623772726,178.8430245622791
neural_fold2_seed17_all_supported_common,FDE,eu-locality-074,81289,41.08295429998665,41.75577311300411,1.6113192568524615,138.2673364406287,283.3904251020086
neural_fold2_seed17_all_supported_common,FDE,eu-locality-082,859,25.399077869627043,25.918958934614253,2.005794547144868,113.0556753805091,229.79762677801716
neural_fold2_seed17_all_supported_common,FDE,eu-locality-110,7204,57.334353646615284,58.79692993015807,2.4875045096404036,245.97966734894223,561.4173374097192
neural_fold2_seed17_all_supported_common,FDE,eu-locality-112,3719,48.765410447103335,48.95071462670388,0.37855255232465135,179.90710329095978,421.63704764077704
neural_fold2_seed17_all_supported_common,FDE,eu-locality-119,4147,65.48189940273235,65.72973460040133,0.377051876408252,270.5290560144782,484.5542592170748
neural_fold2_seed17_all_supported_common,FDE,eu-locality-124,2645,82.747529926227,84.4124249059004,1.9723340272825407,369.6380478107621,739.9819351069635
neural_fold2_seed17_all_supported_common,FDE,eu-locality-126,4579,40.342801253317134,40.81438017301339,1.1554234505025351,185.00627011604442,362.8024793499493
neural_fold2_seed17_all_supported_at_control,FDE,eu-locality-007,3935,30.021994451451235,30.3989429494991,1.2400052813483664,102.12755623772726,178.8430245622791
neural_fold2_seed17_all_supported_at_control,FDE,eu-locality-074,81289,41.08295429998665,41.75577311300411,1.6113192568524615,138.2673364406287,283.3904251020086
neural_fold2_seed17_all_supported_at_control,FDE,eu-locality-082,859,25.399077869627043,25.918958934614253,2.005794547144868,113.0556753805091,229.79762677801716
neural_fold2_seed17_all_supported_at_control,FDE,eu-locality-110,7204,57.334353646615284,58.79692993015807,2.4875045096404036,245.97966734894223,561.4173374097192
neural_fold2_seed17_all_supported_at_control,FDE,eu-locality-112,3719,48.765410447103335,48.95071462670388,0.37855255232465135,179.90710329095978,421.63704764077704
neural_fold2_seed17_all_supported_at_control,FDE,eu-locality-119,4147,65.48189940273235,65.72973460040133,0.377051876408252,270.5290560144782,484.5542592170748
neural_fold2_seed17_all_supported_at_control,FDE,eu-locality-124,2645,82.747529926227,84.4124249059004,1.9723340272825407,369.6380478107621,739.9819351069635
neural_fold2_seed17_all_supported_at_control,FDE,eu-locality-126,4579,40.342801253317134,40.81438017301339,1.1554234505025351,185.00627011604442,362.8024793499493
neural_fold2_seed17_all_control_at_supported,FDE,eu-locality-007,3935,30.021994451451235,30.3989429494991,1.2400052813483664,102.12755623772726,178.8430245622791
neural_fold2_seed17_all_control_at_supported,FDE,eu-locality-074,81289,41.08295429998665,41.75577311300411,1.6113192568524615,138.2673364406287,283.3904251020086
neural_fold2_seed17_all_control_at_supported,FDE,eu-locality-082,859,25.399077869627043,25.918958934614253,2.005794547144868,113.0556753805091,229.79762677801716
neural_fold2_seed17_all_control_at_supported,FDE,eu-locality-110,7204,57.334353646615284,58.79692993015807,2.4875045096404036,245.97966734894223,561.4173374097192
neural_fold2_seed17_all_control_at_supported,FDE,eu-locality-112,3719,48.765410447103335,48.95071462670388,0.37855255232465135,179.90710329095978,421.63704764077704
neural_fold2_seed17_all_control_at_supported,FDE,eu-locality-119,4147,65.48189940273235,65.72973460040133,0.377051876408252,270.5290560144782,484.5542592170748
neural_fold2_seed17_all_control_at_supported,FDE,eu-locality-124,2645,82.747529926227,84.4124249059004,1.9723340272825407,369.6380478107621,739.9819351069635
neural_fold2_seed17_all_control_at_supported,FDE,eu-locality-126,4579,40.342801253317134,40.81438017301339,1.1554234505025351,185.00627011604442,362.8024793499493
neural_fold2_seed17_easy_control_original,FDE,eu-locality-007,3935,30.368132935318105,30.3989429494991,0.10135225501815004,103.4037463575082,180.30773703058676
neural_fold2_seed17_easy_control_original,FDE,eu-locality-074,81289,41.70459413714179,41.75577311300411,0.12256742492544603,140.4053723468714,286.33925672067477
neural_fold2_seed17_easy_control_original,FDE,eu-locality-082,859,25.76210812999414,25.918958934614253,0.6051585830117667,114.66976098816347,234.31504208196256
neural_fold2_seed17_easy_control_original,FDE,eu-locality-110,7204,58.74408360162858,58.79692993015807,0.0898794011732651,251.77304034955634,587.6090239057078
neural_fold2_seed17_easy_control_original,FDE,eu-locality-112,3719,48.91002911320659,48.95071462670388,0.0831152595167417,180.57026348277316,421.94751964792783
neural_fold2_seed17_easy_control_original,FDE,eu-locality-119,4147,65.72008411023047,65.72973460040133,0.014682076885785822,270.5290560144782,484.5542592170748
neural_fold2_seed17_easy_control_original,FDE,eu-locality-124,2645,84.29714773091438,84.4124249059004,0.13656422631446175,381.9827743206876,749.8979417287693
neural_fold2_seed17_easy_control_original,FDE,eu-locality-126,4579,40.80590367366917,40.81438017301339,0.020768413750960057,186.02531258567237,367.4904107537943
neural_fold2_seed17_easy_supported_original,FDE,eu-locality-007,3935,30.364044691611443,30.3989429494991,0.11480089273377958,103.4037463575082,180.30773703058676
neural_fold2_seed17_easy_supported_original,FDE,eu-locality-074,81289,41.68477957062708,41.75577311300411,0.17002090270225034,140.33440915789075,286.29165148053147
neural_fold2_seed17_easy_supported_original,FDE,eu-locality-082,859,25.707149545651674,25.918958934614253,0.8171986749039961,114.66976098816347,234.31504208196256
neural_fold2_seed17_easy_supported_original,FDE,eu-locality-110,7204,58.74059506372237,58.79692993015807,0.09581259855340196,251.77304034955634,587.6090239057078
neural_fold2_seed17_easy_supported_original,FDE,eu-locality-112,3719,48.91337731130311,48.95071462670388,0.0762753224043844,180.57026348277316,421.94751964792783
neural_fold2_seed17_easy_supported_original,FDE,eu-locality-119,4147,65.72073658768494,65.72973460040133,0.013689409779449324,270.5290560144782,484.5542592170748
neural_fold2_seed17_easy_supported_original,FDE,eu-locality-124,2645,84.28986049802265,84.4124249059004,0.14519711762146503,381.9827743206876,749.8979417287693
neural_fold2_seed17_easy_supported_original,FDE,eu-locality-126,4579,40.80574045332669,40.81438017301339,0.021168322659992356,186.02531258567237,367.4904107537943
neural_fold2_seed17_easy_control_common,FDE,eu-locality-007,3935,30.368132935318105,30.3989429494991,0.10135225501815004,103.4037463575082,180.30773703058676
neural_fold2_seed17_easy_control_common,FDE,eu-locality-074,81289,41.70459413714179,41.75577311300411,0.12256742492544603,140.4053723468714,286.33925672067477
neural_fold2_seed17_easy_control_common,FDE,eu-locality-082,859,25.76210812999414,25.918958934614253,0.6051585830117667,114.66976098816347,234.31504208196256
neural_fold2_seed17_easy_control_common,FDE,eu-locality-110,7204,58.74408360162858,58.79692993015807,0.0898794011732651,251.77304034955634,587.6090239057078
neural_fold2_seed17_easy_control_common,FDE,eu-locality-112,3719,48.91002911320659,48.95071462670388,0.0831152595167417,180.57026348277316,421.94751964792783
neural_fold2_seed17_easy_control_common,FDE,eu-locality-119,4147,65.72008411023047,65.72973460040133,0.014682076885785822,270.5290560144782,484.5542592170748
neural_fold2_seed17_easy_control_common,FDE,eu-locality-124,2645,84.29714773091438,84.4124249059004,0.13656422631446175,381.9827743206876,749.8979417287693
neural_fold2_seed17_easy_control_common,FDE,eu-locality-126,4579,40.80590367366917,40.81438017301339,0.020768413750960057,186.02531258567237,367.4904107537943
neural_fold2_seed17_easy_supported_common,FDE,eu-locality-007,3935,30.364044691611443,30.3989429494991,0.11480089273377958,103.4037463575082,180.30773703058676
neural_fold2_seed17_easy_supported_common,FDE,eu-locality-074,81289,41.68477957062708,41.75577311300411,0.17002090270225034,140.33440915789075,286.29165148053147
neural_fold2_seed17_easy_supported_common,FDE,eu-locality-082,859,25.707149545651674,25.918958934614253,0.8171986749039961,114.66976098816347,234.31504208196256
neural_fold2_seed17_easy_supported_common,FDE,eu-locality-110,7204,58.74059506372237,58.79692993015807,0.09581259855340196,251.77304034955634,587.6090239057078
neural_fold2_seed17_easy_supported_common,FDE,eu-locality-112,3719,48.91337731130311,48.95071462670388,0.0762753224043844,180.57026348277316,421.94751964792783
neural_fold2_seed17_easy_supported_common,FDE,eu-locality-119,4147,65.72073658768494,65.72973460040133,0.013689409779449324,270.5290560144782,484.5542592170748
neural_fold2_seed17_easy_supported_common,FDE,eu-locality-124,2645,84.28986049802265,84.4124249059004,0.14519711762146503,381.9827743206876,749.8979417287693
neural_fold2_seed17_easy_supported_common,FDE,eu-locality-126,4579,40.80574045332669,40.81438017301339,0.021168322659992356,186.02531258567237,367.4904107537943
neural_fold2_seed17_easy_supported_at_control,FDE,eu-locality-007,3935,30.37280268250304,30.3989429494991,0.08599071039900874,103.4037463575082,180.8682328668919
neural_fold2_seed17_easy_supported_at_control,FDE,eu-locality-074,81289,41.68460818269006,41.75577311300411,0.1704313559743098,140.33440915789075,286.29165148053147
neural_fold2_seed17_easy_supported_at_control,FDE,eu-locality-082,859,25.73419087909587,25.918958934614253,0.7128683524075807,114.66976098816347,234.31504208196256
neural_fold2_seed17_easy_supported_at_control,FDE,eu-locality-110,7204,58.736618583950175,58.79692993015807,0.10257567236849896,251.77304034955634,587.6090239057078
neural_fold2_seed17_easy_supported_at_control,FDE,eu-locality-112,3719,48.91335805150805,48.95071462670388,0.07631466768300843,180.57026348277316,421.94751964792783
neural_fold2_seed17_easy_supported_at_control,FDE,eu-locality-119,4147,65.72030182755655,65.72973460040133,0.014350845781019306,270.5290560144782,484.5542592170748
neural_fold2_seed17_easy_supported_at_control,FDE,eu-locality-124,2645,84.28986049802265,84.4124249059004,0.14519711762146503,381.9827743206876,749.8979417287693
neural_fold2_seed17_easy_supported_at_control,FDE,eu-locality-126,4579,40.80581496501955,40.81438017301339,0.020985760306857504,186.02531258567237,367.4904107537943
neural_fold2_seed17_easy_control_at_supported,FDE,eu-locality-007,3935,30.368225571424873,30.3989429494991,0.10104752038667675,103.4037463575082,180.30773703058676
neural_fold2_seed17_easy_control_at_supported,FDE,eu-locality-074,81289,41.70699994861365,41.75577311300411,0.11680579894537413,140.41559944941463,286.33925672067477
neural_fold2_seed17_easy_control_at_supported,FDE,eu-locality-082,859,25.759653471646363,25.918958934614253,0.6146290959053169,114.66976098816347,234.31504208196256
neural_fold2_seed17_easy_control_at_supported,FDE,eu-locality-110,7204,58.74412088876042,58.79692993015807,0.08981598437262095,251.77304034955634,587.6090239057078
neural_fold2_seed17_easy_control_at_supported,FDE,eu-locality-112,3719,48.91005910300783,48.95071462670388,0.08305399421864035,180.57026348277316,421.94751964792783
neural_fold2_seed17_easy_control_at_supported,FDE,eu-locality-119,4147,65.7205874111725,65.72973460040133,0.013916364160659889,270.5290560144782,484.5542592170748
neural_fold2_seed17_easy_control_at_supported,FDE,eu-locality-124,2645,84.29714773091438,84.4124249059004,0.13656422631446175,381.9827743206876,749.8979417287693
neural_fold2_seed17_easy_control_at_supported,FDE,eu-locality-126,4579,40.80568570135561,40.81438017301339,0.02130247138613095,186.02531258567237,367.4904107537943
damping097_fold2_seed17_all_control_original,FDE,eu-locality-007,3935,28.46552193080039,30.3989429494991,6.360158713119235,100.71081315355305,176.91252622706844
damping097_fold2_seed17_all_control_original,FDE,eu-locality-074,81289,39.724119091310065,41.75577311300411,4.865564376441456,136.70291273627026,282.0434494556836
damping097_fold2_seed17_all_control_original,FDE,eu-locality-082,859,25.08933717292312,25.918958934614253,3.200829801011762,114.66976098816347,229.79762677801716
damping097_fold2_seed17_all_control_original,FDE,eu-locality-110,7204,55.947757031986285,58.79692993015807,4.845785148231673,248.4943669049609,573.4914329688343
damping097_fold2_seed17_all_control_original,FDE,eu-locality-112,3719,46.76708387881628,48.95071462670388,4.460876137437165,177.2202428403548,414.1148860954396
damping097_fold2_seed17_all_control_original,FDE,eu-locality-119,4147,64.3241801125719,65.72973460040133,2.138384547533001,268.41281777430606,484.5542592170748
damping097_fold2_seed17_all_control_original,FDE,eu-locality-124,2645,81.81829225340412,84.4124249059004,3.073164472396217,379.2183705697583,730.304686035854
damping097_fold2_seed17_all_control_original,FDE,eu-locality-126,4579,38.37198595895056,40.81438017301339,5.98415118325808,176.9896134413745,364.5007318189762
damping097_fold2_seed17_all_supported_original,FDE,eu-locality-007,3935,28.46552193080039,30.3989429494991,6.360158713119235,100.71081315355305,176.91252622706844
damping097_fold2_seed17_all_supported_original,FDE,eu-locality-074,81289,39.724199370882076,41.75577311300411,4.865372116626753,136.70291273627026,282.0434494556836
damping097_fold2_seed17_all_supported_original,FDE,eu-locality-082,859,25.083773583900296,25.918958934614253,3.222295126979746,114.66976098816347,229.79762677801716
damping097_fold2_seed17_all_supported_original,FDE,eu-locality-110,7204,55.947757031986285,58.79692993015807,4.845785148231673,248.4943669049609,573.4914329688343
damping097_fold2_seed17_all_supported_original,FDE,eu-locality-112,3719,46.76708387881628,48.95071462670388,4.460876137437165,177.2202428403548,414.1148860954396
damping097_fold2_seed17_all_supported_original,FDE,eu-locality-119,4147,64.3241801125719,65.72973460040133,2.138384547533001,268.41281777430606,484.5542592170748
damping097_fold2_seed17_all_supported_original,FDE,eu-locality-124,2645,81.81829225340412,84.4124249059004,3.073164472396217,379.2183705697583,730.304686035854
damping097_fold2_seed17_all_supported_original,FDE,eu-locality-126,4579,38.37198595895056,40.81438017301339,5.98415118325808,176.9896134413745,364.5007318189762
damping097_fold2_seed17_all_control_common,FDE,eu-locality-007,3935,28.46552193080039,30.3989429494991,6.360158713119235,100.71081315355305,176.91252622706844
damping097_fold2_seed17_all_control_common,FDE,eu-locality-074,81289,39.724119091310065,41.75577311300411,4.865564376441456,136.70291273627026,282.0434494556836
damping097_fold2_seed17_all_control_common,FDE,eu-locality-082,859,25.08933717292312,25.918958934614253,3.200829801011762,114.66976098816347,229.79762677801716
damping097_fold2_seed17_all_control_common,FDE,eu-locality-110,7204,55.947757031986285,58.79692993015807,4.845785148231673,248.4943669049609,573.4914329688343
damping097_fold2_seed17_all_control_common,FDE,eu-locality-112,3719,46.76708387881628,48.95071462670388,4.460876137437165,177.2202428403548,414.1148860954396
damping097_fold2_seed17_all_control_common,FDE,eu-locality-119,4147,64.3241801125719,65.72973460040133,2.138384547533001,268.41281777430606,484.5542592170748
damping097_fold2_seed17_all_control_common,FDE,eu-locality-124,2645,81.81829225340412,84.4124249059004,3.073164472396217,379.2183705697583,730.304686035854
damping097_fold2_seed17_all_control_common,FDE,eu-locality-126,4579,38.37198595895056,40.81438017301339,5.98415118325808,176.9896134413745,364.5007318189762
damping097_fold2_seed17_all_supported_common,FDE,eu-locality-007,3935,28.46552193080039,30.3989429494991,6.360158713119235,100.71081315355305,176.91252622706844
damping097_fold2_seed17_all_supported_common,FDE,eu-locality-074,81289,39.724199370882076,41.75577311300411,4.865372116626753,136.70291273627026,282.0434494556836
damping097_fold2_seed17_all_supported_common,FDE,eu-locality-082,859,25.083773583900296,25.918958934614253,3.222295126979746,114.66976098816347,229.79762677801716
damping097_fold2_seed17_all_supported_common,FDE,eu-locality-110,7204,55.947757031986285,58.79692993015807,4.845785148231673,248.4943669049609,573.4914329688343
damping097_fold2_seed17_all_supported_common,FDE,eu-locality-112,3719,46.76708387881628,48.95071462670388,4.460876137437165,177.2202428403548,414.1148860954396
damping097_fold2_seed17_all_supported_common,FDE,eu-locality-119,4147,64.3241801125719,65.72973460040133,2.138384547533001,268.41281777430606,484.5542592170748
damping097_fold2_seed17_all_supported_common,FDE,eu-locality-124,2645,81.81829225340412,84.4124249059004,3.073164472396217,379.2183705697583,730.304686035854
damping097_fold2_seed17_all_supported_common,FDE,eu-locality-126,4579,38.37198595895056,40.81438017301339,5.98415118325808,176.9896134413745,364.5007318189762
damping097_fold2_seed17_all_supported_at_control,FDE,eu-locality-007,3935,28.46552193080039,30.3989429494991,6.360158713119235,100.71081315355305,176.91252622706844
damping097_fold2_seed17_all_supported_at_control,FDE,eu-locality-074,81289,39.724119091310065,41.75577311300411,4.865564376441456,136.70291273627026,282.0434494556836
damping097_fold2_seed17_all_supported_at_control,FDE,eu-locality-082,859,25.08933717292312,25.918958934614253,3.200829801011762,114.66976098816347,229.79762677801716
damping097_fold2_seed17_all_supported_at_control,FDE,eu-locality-110,7204,55.947757031986285,58.79692993015807,4.845785148231673,248.4943669049609,573.4914329688343
damping097_fold2_seed17_all_supported_at_control,FDE,eu-locality-112,3719,46.76708387881628,48.95071462670388,4.460876137437165,177.2202428403548,414.1148860954396
damping097_fold2_seed17_all_supported_at_control,FDE,eu-locality-119,4147,64.3241801125719,65.72973460040133,2.138384547533001,268.41281777430606,484.5542592170748
damping097_fold2_seed17_all_supported_at_control,FDE,eu-locality-124,2645,81.81829225340412,84.4124249059004,3.073164472396217,379.2183705697583,730.304686035854
damping097_fold2_seed17_all_supported_at_control,FDE,eu-locality-126,4579,38.37198595895056,40.81438017301339,5.98415118325808,176.9896134413745,364.5007318189762
damping097_fold2_seed17_all_control_at_supported,FDE,eu-locality-007,3935,28.46552193080039,30.3989429494991,6.360158713119235,100.71081315355305,176.91252622706844
damping097_fold2_seed17_all_control_at_supported,FDE,eu-locality-074,81289,39.724119091310065,41.75577311300411,4.865564376441456,136.70291273627026,282.0434494556836
damping097_fold2_seed17_all_control_at_supported,FDE,eu-locality-082,859,25.083773583900296,25.918958934614253,3.222295126979746,114.66976098816347,229.79762677801716
damping097_fold2_seed17_all_control_at_supported,FDE,eu-locality-110,7204,55.947757031986285,58.79692993015807,4.845785148231673,248.4943669049609,573.4914329688343
damping097_fold2_seed17_all_control_at_supported,FDE,eu-locality-112,3719,46.76708387881628,48.95071462670388,4.460876137437165,177.2202428403548,414.1148860954396
damping097_fold2_seed17_all_control_at_supported,FDE,eu-locality-119,4147,64.3241801125719,65.72973460040133,2.138384547533001,268.41281777430606,484.5542592170748
damping097_fold2_seed17_all_control_at_supported,FDE,eu-locality-124,2645,81.81829225340412,84.4124249059004,3.073164472396217,379.2183705697583,730.304686035854
damping097_fold2_seed17_all_control_at_supported,FDE,eu-locality-126,4579,38.37198595895056,40.81438017301339,5.98415118325808,176.9896134413745,364.5007318189762
damping097_fold2_seed17_easy_control_original,FDE,eu-locality-007,3935,29.970105463325666,30.3989429494991,1.41069867753576,102.2165842634546,177.79198148897547
damping097_fold2_seed17_easy_control_original,FDE,eu-locality-074,81289,41.05755676252582,41.75577311300411,1.6721432712758055,139.51239155444642,285.48541315195183
damping097_fold2_seed17_easy_control_original,FDE,eu-locality-082,859,25.667874662203673,25.918958934614253,0.9687282311144907,114.66976098816347,234.31504208196256
damping097_fold2_seed17_easy_control_original,FDE,eu-locality-110,7204,57.667993051580964,58.79692993015807,1.9200609282119196,251.77304034955634,584.5641318790994
damping097_fold2_seed17_easy_control_original,FDE,eu-locality-112,3719,48.218852102517175,48.95071462670388,1.4951007963169838,180.28741648050087,418.05856703629826
damping097_fold2_seed17_easy_control_original,FDE,eu-locality-119,4147,65.34010164114092,65.72973460040133,0.5927803628436257,269.23382252616926,484.5542592170748
damping097_fold2_seed17_easy_control_original,FDE,eu-locality-124,2645,83.56174159244064,84.4124249059004,1.0077702594233795,380.9415092093398,749.8979417287693
damping097_fold2_seed17_easy_control_original,FDE,eu-locality-126,4579,40.36206198758829,40.81438017301339,1.1082324011970957,186.02531258567237,367.4904107537943
damping097_fold2_seed17_easy_supported_original,FDE,eu-locality-007,3935,29.911584878286163,30.3989429494991,1.603207295801612,102.4068405172087,177.79198148897547
damping097_fold2_seed17_easy_supported_original,FDE,eu-locality-074,81289,41.22023650839427,41.75577311300411,1.2825450582857334,139.91360747001826,285.97998631338476
damping097_fold2_seed17_easy_supported_original,FDE,eu-locality-082,859,25.53562684591918,25.918958934614253,1.4789640651158287,114.66976098816347,234.31504208196256
damping097_fold2_seed17_easy_supported_original,FDE,eu-locality-110,7204,57.98665874985944,58.79692993015807,1.3780841640220198,251.63945099324982,584.930399969669
damping097_fold2_seed17_easy_supported_original,FDE,eu-locality-112,3719,48.35190568818047,48.95071462670388,1.2232894720534682,180.28741648050087,420.67114394082915
damping097_fold2_seed17_easy_supported_original,FDE,eu-locality-119,4147,65.44402657667827,65.72973460040133,0.4346708920399567,270.5290560144782,484.5542592170748
damping097_fold2_seed17_easy_supported_original,FDE,eu-locality-124,2645,83.6896313162943,84.4124249059004,0.856264454447131,380.9415092093398,749.8979417287693
damping097_fold2_seed17_easy_supported_original,FDE,eu-locality-126,4579,40.42422698965193,40.81438017301339,0.9559208830505095,186.02531258567237,367.4904107537943
damping097_fold2_seed17_easy_control_common,FDE,eu-locality-007,3935,29.970105463325666,30.3989429494991,1.41069867753576,102.2165842634546,177.79198148897547
damping097_fold2_seed17_easy_control_common,FDE,eu-locality-074,81289,41.05755676252582,41.75577311300411,1.6721432712758055,139.51239155444642,285.48541315195183
damping097_fold2_seed17_easy_control_common,FDE,eu-locality-082,859,25.667874662203673,25.918958934614253,0.9687282311144907,114.66976098816347,234.31504208196256
damping097_fold2_seed17_easy_control_common,FDE,eu-locality-110,7204,57.667993051580964,58.79692993015807,1.9200609282119196,251.77304034955634,584.5641318790994
damping097_fold2_seed17_easy_control_common,FDE,eu-locality-112,3719,48.218852102517175,48.95071462670388,1.4951007963169838,180.28741648050087,418.05856703629826
damping097_fold2_seed17_easy_control_common,FDE,eu-locality-119,4147,65.34010164114092,65.72973460040133,0.5927803628436257,269.23382252616926,484.5542592170748
damping097_fold2_seed17_easy_control_common,FDE,eu-locality-124,2645,83.56174159244064,84.4124249059004,1.0077702594233795,380.9415092093398,749.8979417287693
damping097_fold2_seed17_easy_control_common,FDE,eu-locality-126,4579,40.36206198758829,40.81438017301339,1.1082324011970957,186.02531258567237,367.4904107537943
damping097_fold2_seed17_easy_supported_common,FDE,eu-locality-007,3935,29.911584878286163,30.3989429494991,1.603207295801612,102.4068405172087,177.79198148897547
damping097_fold2_seed17_easy_supported_common,FDE,eu-locality-074,81289,41.22023650839427,41.75577311300411,1.2825450582857334,139.91360747001826,285.97998631338476
damping097_fold2_seed17_easy_supported_common,FDE,eu-locality-082,859,25.53562684591918,25.918958934614253,1.4789640651158287,114.66976098816347,234.31504208196256
damping097_fold2_seed17_easy_supported_common,FDE,eu-locality-110,7204,57.98665874985944,58.79692993015807,1.3780841640220198,251.63945099324982,584.930399969669
damping097_fold2_seed17_easy_supported_common,FDE,eu-locality-112,3719,48.35190568818047,48.95071462670388,1.2232894720534682,180.28741648050087,420.67114394082915
damping097_fold2_seed17_easy_supported_common,FDE,eu-locality-119,4147,65.44402657667827,65.72973460040133,0.4346708920399567,270.5290560144782,484.5542592170748
damping097_fold2_seed17_easy_supported_common,FDE,eu-locality-124,2645,83.6896313162943,84.4124249059004,0.856264454447131,380.9415092093398,749.8979417287693
damping097_fold2_seed17_easy_supported_common,FDE,eu-locality-126,4579,40.42422698965193,40.81438017301339,0.9559208830505095,186.02531258567237,367.4904107537943
damping097_fold2_seed17_easy_supported_at_control,FDE,eu-locality-007,3935,29.975772529220308,30.3989429494991,1.392056365189387,102.45776178280984,179.47061743579053
damping097_fold2_seed17_easy_supported_at_control,FDE,eu-locality-074,81289,41.154940178603724,41.75577311300411,1.4389218295021045,139.8898647808847,285.97998631338476
damping097_fold2_seed17_easy_supported_at_control,FDE,eu-locality-082,859,25.672037385568657,25.918958934614253,0.9526676965247893,114.66976098816347,234.31504208196256
damping097_fold2_seed17_easy_supported_at_control,FDE,eu-locality-110,7204,57.82313036105492,58.79692993015807,1.6562081902233294,251.2881116266286,584.930399969669
damping097_fold2_seed17_easy_supported_at_control,FDE,eu-locality-112,3719,48.35190568818047,48.95071462670388,1.2232894720534682,180.28741648050087,420.67114394082915
damping097_fold2_seed17_easy_supported_at_control,FDE,eu-locality-119,4147,65.4182101684869,65.72973460040133,0.4739474969864488,270.5290560144782,484.5542592170748
damping097_fold2_seed17_easy_supported_at_control,FDE,eu-locality-124,2645,83.67531812795657,84.4124249059004,0.8732207121943447,380.9415092093398,749.8979417287693
damping097_fold2_seed17_easy_supported_at_control,FDE,eu-locality-126,4579,40.422270613827436,40.81438017301339,0.9607142323950324,186.02531258567237,367.4904107537943
damping097_fold2_seed17_easy_control_at_supported,FDE,eu-locality-007,3935,29.929833295836737,30.3989429494991,1.5431775191712571,102.2165842634546,177.79198148897547
damping097_fold2_seed17_easy_control_at_supported,FDE,eu-locality-074,81289,41.13543057192464,41.75577311300411,1.48564496554916,139.55658300932566,285.6194538020268
damping097_fold2_seed17_easy_control_at_supported,FDE,eu-locality-082,859,25.53387906617008,25.918958934614253,1.4857073133825116,114.66976098816347,234.31504208196256
damping097_fold2_seed17_easy_control_at_supported,FDE,eu-locality-110,7204,57.862197851509414,58.79692993015807,1.589763410706957,251.63945099324982,584.5641318790994
damping097_fold2_seed17_easy_control_at_supported,FDE,eu-locality-112,3719,48.21928308875994,48.95071462670388,1.4942203469792137,180.28741648050087,418.05856703629826
damping097_fold2_seed17_easy_control_at_supported,FDE,eu-locality-119,4147,65.41641019239873,65.72973460040133,0.4766859472466023,269.23382252616926,484.5542592170748
damping097_fold2_seed17_easy_control_at_supported,FDE,eu-locality-124,2645,83.586956407753,84.4124249059004,0.977899283272099,380.9415092093398,749.8979417287693
damping097_fold2_seed17_easy_control_at_supported,FDE,eu-locality-126,4579,40.36675358823969,40.81438017301339,1.0967374314547973,186.02531258567237,367.4904107537943
neural_fold2_seed29_all_control_original,FDE,eu-locality-007,3935,29.711862379049197,30.3989429494991,2.2602120461600594,102.34181863144025,177.47588961282636
neural_fold2_seed29_all_control_original,FDE,eu-locality-074,81289,40.980046859944785,41.75577311300411,1.8577700644171302,138.05595049360042,281.85934559202343
neural_fold2_seed29_all_control_original,FDE,eu-locality-082,859,25.1234968600255,25.918958934614253,3.0690355912653122,112.93557871032498,244.53274634266208
neural_fold2_seed29_all_control_original,FDE,eu-locality-110,7204,57.824249377765355,58.79692993015807,1.6543050012102989,248.50727869761297,573.4914329688343
neural_fold2_seed29_all_control_original,FDE,eu-locality-112,3719,48.70867166227758,48.95071462670388,0.49446257582163033,180.57026348277316,420.67114394082915
neural_fold2_seed29_all_control_original,FDE,eu-locality-119,4147,65.43762563556305,65.72973460040133,0.4444091652189508,270.5290560144782,484.5542592170748
neural_fold2_seed29_all_control_original,FDE,eu-locality-124,2645,82.23931751818124,84.4124249059004,2.5743927983844173,369.6380478107621,725.0889044622928
neural_fold2_seed29_all_control_original,FDE,eu-locality-126,4579,40.44507539057728,40.81438017301339,0.904839864946172,185.3311687493593,362.8024793499493
neural_fold2_seed29_all_supported_original,FDE,eu-locality-007,3935,29.711862379049197,30.3989429494991,2.2602120461600594,102.34181863144025,177.47588961282636
neural_fold2_seed29_all_supported_original,FDE,eu-locality-074,81289,40.980046859944785,41.75577311300411,1.8577700644171302,138.05595049360042,281.85934559202343
neural_fold2_seed29_all_supported_original,FDE,eu-locality-082,859,25.1234968600255,25.918958934614253,3.0690355912653122,112.93557871032498,244.53274634266208
neural_fold2_seed29_all_supported_original,FDE,eu-locality-110,7204,57.824249377765355,58.79692993015807,1.6543050012102989,248.50727869761297,573.4914329688343
neural_fold2_seed29_all_supported_original,FDE,eu-locality-112,3719,48.70867166227758,48.95071462670388,0.49446257582163033,180.57026348277316,420.67114394082915
neural_fold2_seed29_all_supported_original,FDE,eu-locality-119,4147,65.43762563556305,65.72973460040133,0.4444091652189508,270.5290560144782,484.5542592170748
neural_fold2_seed29_all_supported_original,FDE,eu-locality-124,2645,82.23931751818124,84.4124249059004,2.5743927983844173,369.6380478107621,725.0889044622928
neural_fold2_seed29_all_supported_original,FDE,eu-locality-126,4579,40.44507539057728,40.81438017301339,0.904839864946172,185.3311687493593,362.8024793499493
neural_fold2_seed29_all_control_common,FDE,eu-locality-007,3935,29.711862379049197,30.3989429494991,2.2602120461600594,102.34181863144025,177.47588961282636
neural_fold2_seed29_all_control_common,FDE,eu-locality-074,81289,40.980046859944785,41.75577311300411,1.8577700644171302,138.05595049360042,281.85934559202343
neural_fold2_seed29_all_control_common,FDE,eu-locality-082,859,25.1234968600255,25.918958934614253,3.0690355912653122,112.93557871032498,244.53274634266208
neural_fold2_seed29_all_control_common,FDE,eu-locality-110,7204,57.824249377765355,58.79692993015807,1.6543050012102989,248.50727869761297,573.4914329688343
neural_fold2_seed29_all_control_common,FDE,eu-locality-112,3719,48.70867166227758,48.95071462670388,0.49446257582163033,180.57026348277316,420.67114394082915
neural_fold2_seed29_all_control_common,FDE,eu-locality-119,4147,65.43762563556305,65.72973460040133,0.4444091652189508,270.5290560144782,484.5542592170748
neural_fold2_seed29_all_control_common,FDE,eu-locality-124,2645,82.23931751818124,84.4124249059004,2.5743927983844173,369.6380478107621,725.0889044622928
neural_fold2_seed29_all_control_common,FDE,eu-locality-126,4579,40.44507539057728,40.81438017301339,0.904839864946172,185.3311687493593,362.8024793499493
neural_fold2_seed29_all_supported_common,FDE,eu-locality-007,3935,29.711862379049197,30.3989429494991,2.2602120461600594,102.34181863144025,177.47588961282636
neural_fold2_seed29_all_supported_common,FDE,eu-locality-074,81289,40.980046859944785,41.75577311300411,1.8577700644171302,138.05595049360042,281.85934559202343
neural_fold2_seed29_all_supported_common,FDE,eu-locality-082,859,25.1234968600255,25.918958934614253,3.0690355912653122,112.93557871032498,244.53274634266208
neural_fold2_seed29_all_supported_common,FDE,eu-locality-110,7204,57.824249377765355,58.79692993015807,1.6543050012102989,248.50727869761297,573.4914329688343
neural_fold2_seed29_all_supported_common,FDE,eu-locality-112,3719,48.70867166227758,48.95071462670388,0.49446257582163033,180.57026348277316,420.67114394082915
neural_fold2_seed29_all_supported_common,FDE,eu-locality-119,4147,65.43762563556305,65.72973460040133,0.4444091652189508,270.5290560144782,484.5542592170748
neural_fold2_seed29_all_supported_common,FDE,eu-locality-124,2645,82.23931751818124,84.4124249059004,2.5743927983844173,369.6380478107621,725.0889044622928
neural_fold2_seed29_all_supported_common,FDE,eu-locality-126,4579,40.44507539057728,40.81438017301339,0.904839864946172,185.3311687493593,362.8024793499493
neural_fold2_seed29_all_supported_at_control,FDE,eu-locality-007,3935,29.711862379049197,30.3989429494991,2.2602120461600594,102.34181863144025,177.47588961282636
neural_fold2_seed29_all_supported_at_control,FDE,eu-locality-074,81289,40.980046859944785,41.75577311300411,1.8577700644171302,138.05595049360042,281.85934559202343
neural_fold2_seed29_all_supported_at_control,FDE,eu-locality-082,859,25.1234968600255,25.918958934614253,3.0690355912653122,112.93557871032498,244.53274634266208
neural_fold2_seed29_all_supported_at_control,FDE,eu-locality-110,7204,57.824249377765355,58.79692993015807,1.6543050012102989,248.50727869761297,573.4914329688343
neural_fold2_seed29_all_supported_at_control,FDE,eu-locality-112,3719,48.70867166227758,48.95071462670388,0.49446257582163033,180.57026348277316,420.67114394082915
neural_fold2_seed29_all_supported_at_control,FDE,eu-locality-119,4147,65.43762563556305,65.72973460040133,0.4444091652189508,270.5290560144782,484.5542592170748
neural_fold2_seed29_all_supported_at_control,FDE,eu-locality-124,2645,82.23931751818124,84.4124249059004,2.5743927983844173,369.6380478107621,725.0889044622928
neural_fold2_seed29_all_supported_at_control,FDE,eu-locality-126,4579,40.44507539057728,40.81438017301339,0.904839864946172,185.3311687493593,362.8024793499493
neural_fold2_seed29_all_control_at_supported,FDE,eu-locality-007,3935,29.711862379049197,30.3989429494991,2.2602120461600594,102.34181863144025,177.47588961282636
neural_fold2_seed29_all_control_at_supported,FDE,eu-locality-074,81289,40.980046859944785,41.75577311300411,1.8577700644171302,138.05595049360042,281.85934559202343
neural_fold2_seed29_all_control_at_supported,FDE,eu-locality-082,859,25.1234968600255,25.918958934614253,3.0690355912653122,112.93557871032498,244.53274634266208
neural_fold2_seed29_all_control_at_supported,FDE,eu-locality-110,7204,57.824249377765355,58.79692993015807,1.6543050012102989,248.50727869761297,573.4914329688343
neural_fold2_seed29_all_control_at_supported,FDE,eu-locality-112,3719,48.70867166227758,48.95071462670388,0.49446257582163033,180.57026348277316,420.67114394082915
neural_fold2_seed29_all_control_at_supported,FDE,eu-locality-119,4147,65.43762563556305,65.72973460040133,0.4444091652189508,270.5290560144782,484.5542592170748
neural_fold2_seed29_all_control_at_supported,FDE,eu-locality-124,2645,82.23931751818124,84.4124249059004,2.5743927983844173,369.6380478107621,725.0889044622928
neural_fold2_seed29_all_control_at_supported,FDE,eu-locality-126,4579,40.44507539057728,40.81438017301339,0.904839864946172,185.3311687493593,362.8024793499493
neural_fold2_seed29_easy_control_original,FDE,eu-locality-007,3935,30.329795202634443,30.3989429494991,0.22746760300030866,103.44536758297068,180.30773703058676
neural_fold2_seed29_easy_control_original,FDE,eu-locality-074,81289,41.68275401354606,41.75577311300411,0.1748718656470305,140.4053723468714,286.33925672067477
neural_fold2_seed29_easy_control_original,FDE,eu-locality-082,859,25.554485433045965,25.918958934614253,1.4062042479705439,113.53625148128728,234.31504208196256
neural_fold2_seed29_easy_control_original,FDE,eu-locality-110,7204,58.710881363464004,58.79692993015807,0.1463487409908648,251.77304034955634,587.6090239057078
neural_fold2_seed29_easy_control_original,FDE,eu-locality-112,3719,48.8704146089382,48.95071462670388,0.1640425852371008,180.57026348277316,421.94751964792783
neural_fold2_seed29_easy_control_original,FDE,eu-locality-119,4147,65.71123629417092,65.72973460040133,0.028142980255241312,270.5290560144782,484.5542592170748
neural_fold2_seed29_easy_control_original,FDE,eu-locality-124,2645,84.2143645953493,84.4124249059004,0.23463407285347904,381.9827743206876,749.8979417287693
neural_fold2_seed29_easy_control_original,FDE,eu-locality-126,4579,40.80378243493579,40.81438017301339,0.025965696484120393,186.02531258567237,367.4904107537943
neural_fold2_seed29_easy_supported_original,FDE,eu-locality-007,3935,30.274303415417396,30.3989429494991,0.41001272408967004,103.44536758297068,180.30773703058676
neural_fold2_seed29_easy_supported_original,FDE,eu-locality-074,81289,41.6670126881487,41.75577311300411,0.2125704261664474,140.31676996703973,286.29165148053147
neural_fold2_seed29_easy_supported_original,FDE,eu-locality-082,859,25.504185734844185,25.918958934614253,1.6002695201470685,113.53625148128728,248.3058336786786
neural_fold2_seed29_easy_supported_original,FDE,eu-locality-110,7204,58.523378098648195,58.79692993015807,0.465248494836068,251.63945099324982,584.7464834418972
neural_fold2_seed29_easy_supported_original,FDE,eu-locality-112,3719,48.858033367442125,48.95071462670388,0.1893358656120503,180.57026348277316,421.94751964792783
neural_fold2_seed29_easy_supported_original,FDE,eu-locality-119,4147,65.70995036010478,65.72973460040133,0.030099376510217546,270.5290560144782,484.5542592170748
neural_fold2_seed29_easy_supported_original,FDE,eu-locality-124,2645,84.11945050477532,84.4124249059004,0.34707497320646263,381.9827743206876,749.8979417287693
neural_fold2_seed29_easy_supported_original,FDE,eu-locality-126,4579,40.80289496489421,40.81438017301339,0.028140101774165593,186.02531258567237,367.4904107537943
neural_fold2_seed29_easy_control_common,FDE,eu-locality-007,3935,30.329795202634443,30.3989429494991,0.22746760300030866,103.44536758297068,180.30773703058676
neural_fold2_seed29_easy_control_common,FDE,eu-locality-074,81289,41.68275401354606,41.75577311300411,0.1748718656470305,140.4053723468714,286.33925672067477
neural_fold2_seed29_easy_control_common,FDE,eu-locality-082,859,25.554485433045965,25.918958934614253,1.4062042479705439,113.53625148128728,234.31504208196256
neural_fold2_seed29_easy_control_common,FDE,eu-locality-110,7204,58.710881363464004,58.79692993015807,0.1463487409908648,251.77304034955634,587.6090239057078
neural_fold2_seed29_easy_control_common,FDE,eu-locality-112,3719,48.8704146089382,48.95071462670388,0.1640425852371008,180.57026348277316,421.94751964792783
neural_fold2_seed29_easy_control_common,FDE,eu-locality-119,4147,65.71123629417092,65.72973460040133,0.028142980255241312,270.5290560144782,484.5542592170748
neural_fold2_seed29_easy_control_common,FDE,eu-locality-124,2645,84.2143645953493,84.4124249059004,0.23463407285347904,381.9827743206876,749.8979417287693
neural_fold2_seed29_easy_control_common,FDE,eu-locality-126,4579,40.80378243493579,40.81438017301339,0.025965696484120393,186.02531258567237,367.4904107537943
neural_fold2_seed29_easy_supported_common,FDE,eu-locality-007,3935,30.274303415417396,30.3989429494991,0.41001272408967004,103.44536758297068,180.30773703058676
neural_fold2_seed29_easy_supported_common,FDE,eu-locality-074,81289,41.6670126881487,41.75577311300411,0.2125704261664474,140.31676996703973,286.29165148053147
neural_fold2_seed29_easy_supported_common,FDE,eu-locality-082,859,25.504185734844185,25.918958934614253,1.6002695201470685,113.53625148128728,248.3058336786786
neural_fold2_seed29_easy_supported_common,FDE,eu-locality-110,7204,58.523378098648195,58.79692993015807,0.465248494836068,251.63945099324982,584.7464834418972
neural_fold2_seed29_easy_supported_common,FDE,eu-locality-112,3719,48.858033367442125,48.95071462670388,0.1893358656120503,180.57026348277316,421.94751964792783
neural_fold2_seed29_easy_supported_common,FDE,eu-locality-119,4147,65.70995036010478,65.72973460040133,0.030099376510217546,270.5290560144782,484.5542592170748
neural_fold2_seed29_easy_supported_common,FDE,eu-locality-124,2645,84.11945050477532,84.4124249059004,0.34707497320646263,381.9827743206876,749.8979417287693
neural_fold2_seed29_easy_supported_common,FDE,eu-locality-126,4579,40.80289496489421,40.81438017301339,0.028140101774165593,186.02531258567237,367.4904107537943
neural_fold2_seed29_easy_supported_at_control,FDE,eu-locality-007,3935,30.27428192923675,30.3989429494991,0.41008340477314276,103.44536758297068,180.30773703058676
neural_fold2_seed29_easy_supported_at_control,FDE,eu-locality-074,81289,41.666939208606145,41.75577311300411,0.2127464007373403,140.31676996703973,286.29165148053147
neural_fold2_seed29_easy_supported_at_control,FDE,eu-locality-082,859,25.617806275595303,25.918958934614253,1.1619010616077063,113.53625148128728,248.3058336786786
neural_fold2_seed29_easy_supported_at_control,FDE,eu-locality-110,7204,58.52342023799665,58.79692993015807,0.4651768255354627,251.63945099324982,584.7464834418972
neural_fold2_seed29_easy_supported_at_control,FDE,eu-locality-112,3719,48.874681103550195,48.95071462670388,0.15532668671645045,180.57026348277316,421.94751964792783
neural_fold2_seed29_easy_supported_at_control,FDE,eu-locality-119,4147,65.70995036010478,65.72973460040133,0.030099376510217546,270.5290560144782,484.5542592170748
neural_fold2_seed29_easy_supported_at_control,FDE,eu-locality-124,2645,84.1171009419133,84.4124249059004,0.3498584056983556,381.9827743206876,749.8979417287693
neural_fold2_seed29_easy_supported_at_control,FDE,eu-locality-126,4579,40.803005122981006,40.81438017301339,0.027870201591118082,186.02531258567237,367.4904107537943
neural_fold2_seed29_easy_control_at_supported,FDE,eu-locality-007,3935,30.329777065601863,30.3989429494991,0.22752726636626752,103.44536758297068,180.30773703058676
neural_fold2_seed29_easy_control_at_supported,FDE,eu-locality-074,81289,41.68259955785068,41.75577311300411,0.1752417682589713,140.4053723468714,286.33925672067477
neural_fold2_seed29_easy_control_at_supported,FDE,eu-locality-082,859,25.49237395476807,25.918958934614253,1.6458414897077,113.53625148128728,234.31504208196256
neural_fold2_seed29_easy_control_at_supported,FDE,eu-locality-110,7204,58.71452447799147,58.79692993015807,0.14015264447393427,251.77304034955634,587.6090239057078
neural_fold2_seed29_easy_control_at_supported,FDE,eu-locality-112,3719,48.86389423203511,48.95071462670388,0.17736287474219292,180.57026348277316,421.94751964792783
neural_fold2_seed29_easy_control_at_supported,FDE,eu-locality-119,4147,65.71125805774132,65.72973460040133,0.028109869562586987,270.5290560144782,484.5542592170748
neural_fold2_seed29_easy_control_at_supported,FDE,eu-locality-124,2645,84.21031639333968,84.4124249059004,0.23942981472930835,381.9827743206876,749.8979417287693
neural_fold2_seed29_easy_control_at_supported,FDE,eu-locality-126,4579,40.803803429578984,40.81438017301339,0.025914257155368325,186.02531258567237,367.4904107537943
damping097_fold2_seed29_all_control_original,FDE,eu-locality-007,3935,28.088570941903686,30.3989429494991,7.600172188334209,100.71081315355305,176.37171802076864
damping097_fold2_seed29_all_control_original,FDE,eu-locality-074,81289,39.459838186494025,41.75577311300411,5.498485012591125,136.02506885258626,281.52766864115785
damping097_fold2_seed29_all_control_original,FDE,eu-locality-082,859,25.019804198259312,25.918958934614253,3.4691005091031513,113.0556753805091,229.79762677801716
damping097_fold2_seed29_all_control_original,FDE,eu-locality-110,7204,55.72565610533035,58.79692993015807,5.22352753532529,247.09416959124636,573.1098661318172
damping097_fold2_seed29_all_control_original,FDE,eu-locality-112,3719,46.751909137977094,48.95071462670388,4.491876176874598,176.81258307590284,414.1148860954396
damping097_fold2_seed29_all_control_original,FDE,eu-locality-119,4147,64.1786065349452,65.72973460040133,2.3598574905042358,266.97754523047126,484.5542592170748
damping097_fold2_seed29_all_control_original,FDE,eu-locality-124,2645,81.58599355465829,84.4124249059004,3.348359384762256,372.2649807819272,739.9819351069635
damping097_fold2_seed29_all_control_original,FDE,eu-locality-126,4579,38.27896760564397,40.81438017301339,6.212057016722361,176.39272138838865,361.80204808770327
damping097_fold2_seed29_all_supported_original,FDE,eu-locality-007,3935,28.088570941903686,30.3989429494991,7.600172188334209,100.71081315355305,176.37171802076864
damping097_fold2_seed29_all_supported_original,FDE,eu-locality-074,81289,39.45966619330932,41.75577311300411,5.49889691535782,136.02506885258626,281.52766864115785
damping097_fold2_seed29_all_supported_original,FDE,eu-locality-082,859,25.019804198259312,25.918958934614253,3.4691005091031513,113.0556753805091,229.79762677801716
damping097_fold2_seed29_all_supported_original,FDE,eu-locality-110,7204,55.72565610533035,58.79692993015807,5.22352753532529,247.09416959124636,573.1098661318172
damping097_fold2_seed29_all_supported_original,FDE,eu-locality-112,3719,46.751909137977094,48.95071462670388,4.491876176874598,176.81258307590284,414.1148860954396
damping097_fold2_seed29_all_supported_original,FDE,eu-locality-119,4147,64.1786065349452,65.72973460040133,2.3598574905042358,266.97754523047126,484.5542592170748
damping097_fold2_seed29_all_supported_original,FDE,eu-locality-124,2645,81.58599355465829,84.4124249059004,3.348359384762256,372.2649807819272,739.9819351069635
damping097_fold2_seed29_all_supported_original,FDE,eu-locality-126,4579,38.28146896852919,40.81438017301339,6.205928385405124,176.39272138838865,361.80204808770327
damping097_fold2_seed29_all_control_common,FDE,eu-locality-007,3935,28.088570941903686,30.3989429494991,7.600172188334209,100.71081315355305,176.37171802076864
damping097_fold2_seed29_all_control_common,FDE,eu-locality-074,81289,39.459838186494025,41.75577311300411,5.498485012591125,136.02506885258626,281.52766864115785
damping097_fold2_seed29_all_control_common,FDE,eu-locality-082,859,25.019804198259312,25.918958934614253,3.4691005091031513,113.0556753805091,229.79762677801716
damping097_fold2_seed29_all_control_common,FDE,eu-locality-110,7204,55.72565610533035,58.79692993015807,5.22352753532529,247.09416959124636,573.1098661318172
damping097_fold2_seed29_all_control_common,FDE,eu-locality-112,3719,46.751909137977094,48.95071462670388,4.491876176874598,176.81258307590284,414.1148860954396
damping097_fold2_seed29_all_control_common,FDE,eu-locality-119,4147,64.1786065349452,65.72973460040133,2.3598574905042358,266.97754523047126,484.5542592170748
damping097_fold2_seed29_all_control_common,FDE,eu-locality-124,2645,81.58599355465829,84.4124249059004,3.348359384762256,372.2649807819272,739.9819351069635
damping097_fold2_seed29_all_control_common,FDE,eu-locality-126,4579,38.27896760564397,40.81438017301339,6.212057016722361,176.39272138838865,361.80204808770327
damping097_fold2_seed29_all_supported_common,FDE,eu-locality-007,3935,28.088570941903686,30.3989429494991,7.600172188334209,100.71081315355305,176.37171802076864
damping097_fold2_seed29_all_supported_common,FDE,eu-locality-074,81289,39.45966619330932,41.75577311300411,5.49889691535782,136.02506885258626,281.52766864115785
damping097_fold2_seed29_all_supported_common,FDE,eu-locality-082,859,25.019804198259312,25.918958934614253,3.4691005091031513,113.0556753805091,229.79762677801716
damping097_fold2_seed29_all_supported_common,FDE,eu-locality-110,7204,55.72565610533035,58.79692993015807,5.22352753532529,247.09416959124636,573.1098661318172
damping097_fold2_seed29_all_supported_common,FDE,eu-locality-112,3719,46.751909137977094,48.95071462670388,4.491876176874598,176.81258307590284,414.1148860954396
damping097_fold2_seed29_all_supported_common,FDE,eu-locality-119,4147,64.1786065349452,65.72973460040133,2.3598574905042358,266.97754523047126,484.5542592170748
damping097_fold2_seed29_all_supported_common,FDE,eu-locality-124,2645,81.58599355465829,84.4124249059004,3.348359384762256,372.2649807819272,739.9819351069635
damping097_fold2_seed29_all_supported_common,FDE,eu-locality-126,4579,38.28146896852919,40.81438017301339,6.205928385405124,176.39272138838865,361.80204808770327
damping097_fold2_seed29_all_supported_at_control,FDE,eu-locality-007,3935,28.088570941903686,30.3989429494991,7.600172188334209,100.71081315355305,176.37171802076864
damping097_fold2_seed29_all_supported_at_control,FDE,eu-locality-074,81289,39.45943902798369,41.75577311300411,5.499440948694268,136.02506885258626,281.52766864115785
damping097_fold2_seed29_all_supported_at_control,FDE,eu-locality-082,859,25.019804198259312,25.918958934614253,3.4691005091031513,113.0556753805091,229.79762677801716
damping097_fold2_seed29_all_supported_at_control,FDE,eu-locality-110,7204,55.72565610533035,58.79692993015807,5.22352753532529,247.09416959124636,573.1098661318172
damping097_fold2_seed29_all_supported_at_control,FDE,eu-locality-112,3719,46.751909137977094,48.95071462670388,4.491876176874598,176.81258307590284,414.1148860954396
damping097_fold2_seed29_all_supported_at_control,FDE,eu-locality-119,4147,64.1786065349452,65.72973460040133,2.3598574905042358,266.97754523047126,484.5542592170748
damping097_fold2_seed29_all_supported_at_control,FDE,eu-locality-124,2645,81.58599355465829,84.4124249059004,3.348359384762256,372.2649807819272,739.9819351069635
damping097_fold2_seed29_all_supported_at_control,FDE,eu-locality-126,4579,38.27896760564397,40.81438017301339,6.212057016722361,176.39272138838865,361.80204808770327
damping097_fold2_seed29_all_control_at_supported,FDE,eu-locality-007,3935,28.088570941903686,30.3989429494991,7.600172188334209,100.71081315355305,176.37171802076864
damping097_fold2_seed29_all_control_at_supported,FDE,eu-locality-074,81289,39.459998713697146,41.75577311300411,5.4981005694563105,136.02506885258626,281.52766864115785
damping097_fold2_seed29_all_control_at_supported,FDE,eu-locality-082,859,25.019804198259312,25.918958934614253,3.4691005091031513,113.0556753805091,229.79762677801716
damping097_fold2_seed29_all_control_at_supported,FDE,eu-locality-110,7204,55.72565610533035,58.79692993015807,5.22352753532529,247.09416959124636,573.1098661318172
damping097_fold2_seed29_all_control_at_supported,FDE,eu-locality-112,3719,46.751909137977094,48.95071462670388,4.491876176874598,176.81258307590284,414.1148860954396
damping097_fold2_seed29_all_control_at_supported,FDE,eu-locality-119,4147,64.1786065349452,65.72973460040133,2.3598574905042358,266.97754523047126,484.5542592170748
damping097_fold2_seed29_all_control_at_supported,FDE,eu-locality-124,2645,81.58599355465829,84.4124249059004,3.348359384762256,372.2649807819272,739.9819351069635
damping097_fold2_seed29_all_control_at_supported,FDE,eu-locality-126,4579,38.28146896852919,40.81438017301339,6.205928385405124,176.39272138838865,361.80204808770327
damping097_fold2_seed29_easy_control_original,FDE,eu-locality-007,3935,30.011306049028082,30.3989429494991,1.275165722423277,102.630383216675,178.8430245622791
damping097_fold2_seed29_easy_control_original,FDE,eu-locality-074,81289,41.342214197099544,41.75577311300411,0.9904233237050808,139.91506800449955,286.1232268664211
damping097_fold2_seed29_easy_control_original,FDE,eu-locality-082,859,25.562957427952043,25.918958934614253,1.3735177695998302,114.66976098816347,234.31504208196256
damping097_fold2_seed29_easy_control_original,FDE,eu-locality-110,7204,58.10585516960931,58.79692993015807,1.1753585797245725,252.0366575801793,584.5641318790994
damping097_fold2_seed29_easy_control_original,FDE,eu-locality-112,3719,48.51158671677685,48.95071462670388,0.8970817142830323,180.28741648050087,420.67114394082915
damping097_fold2_seed29_easy_control_original,FDE,eu-locality-119,4147,65.46277339228774,65.72973460040133,0.4061498342212366,270.5290560144782,484.5542592170748
damping097_fold2_seed29_easy_control_original,FDE,eu-locality-124,2645,83.9430842955187,84.4124249059004,0.5560089180057237,381.9827743206876,749.8979417287693
damping097_fold2_seed29_easy_control_original,FDE,eu-locality-126,4579,40.5007553852403,40.81438017301339,0.7684173726113741,186.11115619235218,367.4904107537943
damping097_fold2_seed29_easy_supported_original,FDE,eu-locality-007,3935,30.155806006170153,30.3989429494991,0.7998203876130372,102.96456780800754,179.47061743579053
damping097_fold2_seed29_easy_supported_original,FDE,eu-locality-074,81289,41.380331669053135,41.75577311300411,0.8991366126425593,140.13235043935407,286.1232268664211
damping097_fold2_seed29_easy_supported_original,FDE,eu-locality-082,859,25.598951396491994,25.918958934614253,1.2346465725322608,114.66976098816347,234.31504208196256
damping097_fold2_seed29_easy_supported_original,FDE,eu-locality-110,7204,58.16280941687855,58.79692993015807,1.0784925574052195,251.77304034955634,584.930399969669
damping097_fold2_seed29_easy_supported_original,FDE,eu-locality-112,3719,48.52149214369698,48.95071462670388,0.8768462039423275,180.28741648050087,420.67114394082915
damping097_fold2_seed29_easy_supported_original,FDE,eu-locality-119,4147,65.49084243955888,65.72973460040133,0.36344610592874416,270.5290560144782,484.5542592170748
damping097_fold2_seed29_easy_supported_original,FDE,eu-locality-124,2645,83.98226526296317,84.4124249059004,0.5095928039228204,381.9827743206876,749.8979417287693
damping097_fold2_seed29_easy_supported_original,FDE,eu-locality-126,4579,40.45643725628873,40.81438017301339,0.8770019664817386,186.02531258567237,367.4904107537943
damping097_fold2_seed29_easy_control_common,FDE,eu-locality-007,3935,30.011306049028082,30.3989429494991,1.275165722423277,102.630383216675,178.8430245622791
damping097_fold2_seed29_easy_control_common,FDE,eu-locality-074,81289,41.342214197099544,41.75577311300411,0.9904233237050808,139.91506800449955,286.1232268664211
damping097_fold2_seed29_easy_control_common,FDE,eu-locality-082,859,25.562957427952043,25.918958934614253,1.3735177695998302,114.66976098816347,234.31504208196256
damping097_fold2_seed29_easy_control_common,FDE,eu-locality-110,7204,58.10585516960931,58.79692993015807,1.1753585797245725,252.0366575801793,584.5641318790994
damping097_fold2_seed29_easy_control_common,FDE,eu-locality-112,3719,48.51158671677685,48.95071462670388,0.8970817142830323,180.28741648050087,420.67114394082915
damping097_fold2_seed29_easy_control_common,FDE,eu-locality-119,4147,65.46277339228774,65.72973460040133,0.4061498342212366,270.5290560144782,484.5542592170748
damping097_fold2_seed29_easy_control_common,FDE,eu-locality-124,2645,83.9430842955187,84.4124249059004,0.5560089180057237,381.9827743206876,749.8979417287693
damping097_fold2_seed29_easy_control_common,FDE,eu-locality-126,4579,40.5007553852403,40.81438017301339,0.7684173726113741,186.11115619235218,367.4904107537943
damping097_fold2_seed29_easy_supported_common,FDE,eu-locality-007,3935,30.155806006170153,30.3989429494991,0.7998203876130372,102.96456780800754,179.47061743579053
damping097_fold2_seed29_easy_supported_common,FDE,eu-locality-074,81289,41.380331669053135,41.75577311300411,0.8991366126425593,140.13235043935407,286.1232268664211
damping097_fold2_seed29_easy_supported_common,FDE,eu-locality-082,859,25.598951396491994,25.918958934614253,1.2346465725322608,114.66976098816347,234.31504208196256
damping097_fold2_seed29_easy_supported_common,FDE,eu-locality-110,7204,58.16280941687855,58.79692993015807,1.0784925574052195,251.77304034955634,584.930399969669
damping097_fold2_seed29_easy_supported_common,FDE,eu-locality-112,3719,48.52149214369698,48.95071462670388,0.8768462039423275,180.28741648050087,420.67114394082915
damping097_fold2_seed29_easy_supported_common,FDE,eu-locality-119,4147,65.49084243955888,65.72973460040133,0.36344610592874416,270.5290560144782,484.5542592170748
damping097_fold2_seed29_easy_supported_common,FDE,eu-locality-124,2645,83.98226526296317,84.4124249059004,0.5095928039228204,381.9827743206876,749.8979417287693
damping097_fold2_seed29_easy_supported_common,FDE,eu-locality-126,4579,40.45643725628873,40.81438017301339,0.8770019664817386,186.02531258567237,367.4904107537943
damping097_fold2_seed29_easy_supported_at_control,FDE,eu-locality-007,3935,30.125104693174833,30.3989429494991,0.9008150605078202,102.630383216675,179.47061743579053
damping097_fold2_seed29_easy_supported_at_control,FDE,eu-locality-074,81289,41.35940620349462,41.75577311300411,0.9492505585677824,140.05711017181724,286.1232268664211
damping097_fold2_seed29_easy_supported_at_control,FDE,eu-locality-082,859,25.551749421504244,25.918958934614253,1.4167602720324024,114.66976098816347,234.31504208196256
damping097_fold2_seed29_easy_supported_at_control,FDE,eu-locality-110,7204,58.121358774087724,58.79692993015807,1.1489905287109803,251.77304034955634,584.930399969669
damping097_fold2_seed29_easy_supported_at_control,FDE,eu-locality-112,3719,48.52645637449266,48.95071462670388,0.8667049203399668,180.28741648050087,420.67114394082915
damping097_fold2_seed29_easy_supported_at_control,FDE,eu-locality-119,4147,65.48818768550001,65.72973460040133,0.3674849995512486,270.5290560144782,484.5542592170748
damping097_fold2_seed29_easy_supported_at_control,FDE,eu-locality-124,2645,83.9974112308034,84.4124249059004,0.4916499858399259,381.9827743206876,749.8979417287693
damping097_fold2_seed29_easy_supported_at_control,FDE,eu-locality-126,4579,40.49929925777314,40.81438017301339,0.771985055033575,186.02531258567237,367.4904107537943
damping097_fold2_seed29_easy_control_at_supported,FDE,eu-locality-007,3935,30.04093578806382,30.3989429494991,1.1776960864396835,102.630383216675,178.8430245622791
damping097_fold2_seed29_easy_control_at_supported,FDE,eu-locality-074,81289,41.36221410645771,41.75577311300411,0.9425259723519264,139.9638200783667,286.1232268664211
damping097_fold2_seed29_easy_control_at_supported,FDE,eu-locality-082,859,25.595486902273322,25.918958934614253,1.248013213636212,114.66976098816347,234.31504208196256
damping097_fold2_seed29_easy_control_at_supported,FDE,eu-locality-110,7204,58.15519521253234,58.79692993015807,1.0914425606711409,252.0366575801793,584.930399969669
damping097_fold2_seed29_easy_control_at_supported,FDE,eu-locality-112,3719,48.5098317825573,48.95071462670388,0.9006668186741118,180.28741648050087,420.67114394082915
damping097_fold2_seed29_easy_control_at_supported,FDE,eu-locality-119,4147,65.46455051053631,65.72973460040133,0.40344615945459017,270.5290560144782,484.5542592170748
damping097_fold2_seed29_easy_control_at_supported,FDE,eu-locality-124,2645,83.93849140513167,84.4124249059004,0.5614499302644682,381.9827743206876,749.8979417287693
damping097_fold2_seed29_easy_control_at_supported,FDE,eu-locality-126,4579,40.438206265785034,40.81438017301339,0.9216700232460795,186.02531258567237,367.4904107537943
neural_fold2_seed43_all_control_original,FDE,eu-locality-007,3935,30.070587710473337,30.3989429494991,1.0801534762943987,102.45327870121463,178.8430245622791
neural_fold2_seed43_all_control_original,FDE,eu-locality-074,81289,41.09750440845959,41.75577311300411,1.5764735160406218,138.2673364406287,283.0938153325102
neural_fold2_seed43_all_control_original,FDE,eu-locality-082,859,25.52458101913258,25.918958934614253,1.5215808492793692,112.93608328892431,234.31504208196256
neural_fold2_seed43_all_control_original,FDE,eu-locality-110,7204,57.85958707270263,58.79692993015807,1.5942037425574207,248.50727869761297,575.6990630517156
neural_fold2_seed43_all_control_original,FDE,eu-locality-112,3719,48.851231480209314,48.95071462670388,0.20323124443272222,180.57026348277316,421.63704764077704
neural_fold2_seed43_all_control_original,FDE,eu-locality-119,4147,65.52717648580044,65.72973460040133,0.3081681613843812,270.5290560144782,484.5542592170748
neural_fold2_seed43_all_control_original,FDE,eu-locality-124,2645,83.04848955145776,84.4124249059004,1.6157992806901222,370.92724591771514,739.9819351069635
neural_fold2_seed43_all_control_original,FDE,eu-locality-126,4579,40.38575127263814,40.81438017301339,1.0501908850711006,185.0410827280624,364.90265146493834
neural_fold2_seed43_all_supported_original,FDE,eu-locality-007,3935,30.070587710473337,30.3989429494991,1.0801534762943987,102.45327870121463,178.8430245622791
neural_fold2_seed43_all_supported_original,FDE,eu-locality-074,81289,41.09750440845959,41.75577311300411,1.5764735160406218,138.2673364406287,283.0938153325102
neural_fold2_seed43_all_supported_original,FDE,eu-locality-082,859,25.52458101913258,25.918958934614253,1.5215808492793692,112.93608328892431,234.31504208196256
neural_fold2_seed43_all_supported_original,FDE,eu-locality-110,7204,57.85958707270263,58.79692993015807,1.5942037425574207,248.50727869761297,575.6990630517156
neural_fold2_seed43_all_supported_original,FDE,eu-locality-112,3719,48.851231480209314,48.95071462670388,0.20323124443272222,180.57026348277316,421.63704764077704
neural_fold2_seed43_all_supported_original,FDE,eu-locality-119,4147,65.52717648580044,65.72973460040133,0.3081681613843812,270.5290560144782,484.5542592170748
neural_fold2_seed43_all_supported_original,FDE,eu-locality-124,2645,83.04848955145776,84.4124249059004,1.6157992806901222,370.92724591771514,739.9819351069635
neural_fold2_seed43_all_supported_original,FDE,eu-locality-126,4579,40.38575127263814,40.81438017301339,1.0501908850711006,185.0410827280624,364.90265146493834
neural_fold2_seed43_all_control_common,FDE,eu-locality-007,3935,30.070587710473337,30.3989429494991,1.0801534762943987,102.45327870121463,178.8430245622791
neural_fold2_seed43_all_control_common,FDE,eu-locality-074,81289,41.09750440845959,41.75577311300411,1.5764735160406218,138.2673364406287,283.0938153325102
neural_fold2_seed43_all_control_common,FDE,eu-locality-082,859,25.52458101913258,25.918958934614253,1.5215808492793692,112.93608328892431,234.31504208196256
neural_fold2_seed43_all_control_common,FDE,eu-locality-110,7204,57.85958707270263,58.79692993015807,1.5942037425574207,248.50727869761297,575.6990630517156
neural_fold2_seed43_all_control_common,FDE,eu-locality-112,3719,48.851231480209314,48.95071462670388,0.20323124443272222,180.57026348277316,421.63704764077704
neural_fold2_seed43_all_control_common,FDE,eu-locality-119,4147,65.52717648580044,65.72973460040133,0.3081681613843812,270.5290560144782,484.5542592170748
neural_fold2_seed43_all_control_common,FDE,eu-locality-124,2645,83.04848955145776,84.4124249059004,1.6157992806901222,370.92724591771514,739.9819351069635
neural_fold2_seed43_all_control_common,FDE,eu-locality-126,4579,40.38575127263814,40.81438017301339,1.0501908850711006,185.0410827280624,364.90265146493834
neural_fold2_seed43_all_supported_common,FDE,eu-locality-007,3935,30.070587710473337,30.3989429494991,1.0801534762943987,102.45327870121463,178.8430245622791
neural_fold2_seed43_all_supported_common,FDE,eu-locality-074,81289,41.09750440845959,41.75577311300411,1.5764735160406218,138.2673364406287,283.0938153325102
neural_fold2_seed43_all_supported_common,FDE,eu-locality-082,859,25.52458101913258,25.918958934614253,1.5215808492793692,112.93608328892431,234.31504208196256
neural_fold2_seed43_all_supported_common,FDE,eu-locality-110,7204,57.85958707270263,58.79692993015807,1.5942037425574207,248.50727869761297,575.6990630517156
neural_fold2_seed43_all_supported_common,FDE,eu-locality-112,3719,48.851231480209314,48.95071462670388,0.20323124443272222,180.57026348277316,421.63704764077704
neural_fold2_seed43_all_supported_common,FDE,eu-locality-119,4147,65.52717648580044,65.72973460040133,0.3081681613843812,270.5290560144782,484.5542592170748
neural_fold2_seed43_all_supported_common,FDE,eu-locality-124,2645,83.04848955145776,84.4124249059004,1.6157992806901222,370.92724591771514,739.9819351069635
neural_fold2_seed43_all_supported_common,FDE,eu-locality-126,4579,40.38575127263814,40.81438017301339,1.0501908850711006,185.0410827280624,364.90265146493834
neural_fold2_seed43_all_supported_at_control,FDE,eu-locality-007,3935,30.070587710473337,30.3989429494991,1.0801534762943987,102.45327870121463,178.8430245622791
neural_fold2_seed43_all_supported_at_control,FDE,eu-locality-074,81289,41.09750440845959,41.75577311300411,1.5764735160406218,138.2673364406287,283.0938153325102
neural_fold2_seed43_all_supported_at_control,FDE,eu-locality-082,859,25.52458101913258,25.918958934614253,1.5215808492793692,112.93608328892431,234.31504208196256
neural_fold2_seed43_all_supported_at_control,FDE,eu-locality-110,7204,57.85958707270263,58.79692993015807,1.5942037425574207,248.50727869761297,575.6990630517156
neural_fold2_seed43_all_supported_at_control,FDE,eu-locality-112,3719,48.851231480209314,48.95071462670388,0.20323124443272222,180.57026348277316,421.63704764077704
neural_fold2_seed43_all_supported_at_control,FDE,eu-locality-119,4147,65.52717648580044,65.72973460040133,0.3081681613843812,270.5290560144782,484.5542592170748
neural_fold2_seed43_all_supported_at_control,FDE,eu-locality-124,2645,83.04848955145776,84.4124249059004,1.6157992806901222,370.92724591771514,739.9819351069635
neural_fold2_seed43_all_supported_at_control,FDE,eu-locality-126,4579,40.38575127263814,40.81438017301339,1.0501908850711006,185.0410827280624,364.90265146493834
neural_fold2_seed43_all_control_at_supported,FDE,eu-locality-007,3935,30.070587710473337,30.3989429494991,1.0801534762943987,102.45327870121463,178.8430245622791
neural_fold2_seed43_all_control_at_supported,FDE,eu-locality-074,81289,41.09750440845959,41.75577311300411,1.5764735160406218,138.2673364406287,283.0938153325102
neural_fold2_seed43_all_control_at_supported,FDE,eu-locality-082,859,25.52458101913258,25.918958934614253,1.5215808492793692,112.93608328892431,234.31504208196256
neural_fold2_seed43_all_control_at_supported,FDE,eu-locality-110,7204,57.85958707270263,58.79692993015807,1.5942037425574207,248.50727869761297,575.6990630517156
neural_fold2_seed43_all_control_at_supported,FDE,eu-locality-112,3719,48.851231480209314,48.95071462670388,0.20323124443272222,180.57026348277316,421.63704764077704
neural_fold2_seed43_all_control_at_supported,FDE,eu-locality-119,4147,65.52717648580044,65.72973460040133,0.3081681613843812,270.5290560144782,484.5542592170748
neural_fold2_seed43_all_control_at_supported,FDE,eu-locality-124,2645,83.04848955145776,84.4124249059004,1.6157992806901222,370.92724591771514,739.9819351069635
neural_fold2_seed43_all_control_at_supported,FDE,eu-locality-126,4579,40.38575127263814,40.81438017301339,1.0501908850711006,185.0410827280624,364.90265146493834
neural_fold2_seed43_easy_control_original,FDE,eu-locality-007,3935,30.3826290051623,30.3989429494991,0.053666156628873196,103.44536758297068,180.30773703058676
neural_fold2_seed43_easy_control_original,FDE,eu-locality-074,81289,41.700170448297264,41.75577311300411,0.1331616218824827,140.4053723468714,286.33925672067477
neural_fold2_seed43_easy_control_original,FDE,eu-locality-082,859,25.699749619043722,25.918958934614253,0.8457489211797786,113.54079268868122,234.31504208196256
neural_fold2_seed43_easy_control_original,FDE,eu-locality-110,7204,58.741853954859806,58.79692993015807,0.09367151544084074,251.77304034955634,587.6090239057078
neural_fold2_seed43_easy_control_original,FDE,eu-locality-112,3719,48.91913535100031,48.95071462670388,0.06451238954199301,180.57026348277316,421.94751964792783
neural_fold2_seed43_easy_control_original,FDE,eu-locality-119,4147,65.72331558734346,65.72973460040133,0.009765767497604827,270.5290560144782,484.5542592170748
neural_fold2_seed43_easy_control_original,FDE,eu-locality-124,2645,84.29555169259784,84.4124249059004,0.138454988626191,381.9827743206876,749.8979417287693
neural_fold2_seed43_easy_control_original,FDE,eu-locality-126,4579,40.80843146609138,40.81438017301339,0.014575026980190309,186.02531258567237,367.4904107537943
neural_fold2_seed43_easy_supported_original,FDE,eu-locality-007,3935,30.389945007227254,30.3989429494991,0.029599523532097827,103.59588750290177,180.30773703058676
neural_fold2_seed43_easy_supported_original,FDE,eu-locality-074,81289,41.68864238534697,41.75577311300411,0.16076993108345983,140.33440915789075,286.29165148053147
neural_fold2_seed43_easy_supported_original,FDE,eu-locality-082,859,25.699749619043722,25.918958934614253,0.8457489211797786,113.54079268868122,234.31504208196256
neural_fold2_seed43_easy_supported_original,FDE,eu-locality-110,7204,58.74232768636794,58.79692993015807,0.09286580754299667,251.77304034955634,587.6090239057078
neural_fold2_seed43_easy_supported_original,FDE,eu-locality-112,3719,48.90720037401312,48.95071462670388,0.0888940090509216,180.57026348277316,421.94751964792783
neural_fold2_seed43_easy_supported_original,FDE,eu-locality-119,4147,65.72340240283225,65.72973460040133,0.009633688021981612,270.5290560144782,484.5542592170748
neural_fold2_seed43_easy_supported_original,FDE,eu-locality-124,2645,84.1947383567608,84.4124249059004,0.2578844872449415,381.9827743206876,749.8979417287693
neural_fold2_seed43_easy_supported_original,FDE,eu-locality-126,4579,40.80834897278882,40.81438017301339,0.014777145209610154,186.02531258567237,367.4904107537943
neural_fold2_seed43_easy_control_common,FDE,eu-locality-007,3935,30.3826290051623,30.3989429494991,0.053666156628873196,103.44536758297068,180.30773703058676
neural_fold2_seed43_easy_control_common,FDE,eu-locality-074,81289,41.700170448297264,41.75577311300411,0.1331616218824827,140.4053723468714,286.33925672067477
neural_fold2_seed43_easy_control_common,FDE,eu-locality-082,859,25.699749619043722,25.918958934614253,0.8457489211797786,113.54079268868122,234.31504208196256
neural_fold2_seed43_easy_control_common,FDE,eu-locality-110,7204,58.741853954859806,58.79692993015807,0.09367151544084074,251.77304034955634,587.6090239057078
neural_fold2_seed43_easy_control_common,FDE,eu-locality-112,3719,48.91913535100031,48.95071462670388,0.06451238954199301,180.57026348277316,421.94751964792783
neural_fold2_seed43_easy_control_common,FDE,eu-locality-119,4147,65.72331558734346,65.72973460040133,0.009765767497604827,270.5290560144782,484.5542592170748
neural_fold2_seed43_easy_control_common,FDE,eu-locality-124,2645,84.29555169259784,84.4124249059004,0.138454988626191,381.9827743206876,749.8979417287693
neural_fold2_seed43_easy_control_common,FDE,eu-locality-126,4579,40.80843146609138,40.81438017301339,0.014575026980190309,186.02531258567237,367.4904107537943
neural_fold2_seed43_easy_supported_common,FDE,eu-locality-007,3935,30.389945007227254,30.3989429494991,0.029599523532097827,103.59588750290177,180.30773703058676
neural_fold2_seed43_easy_supported_common,FDE,eu-locality-074,81289,41.68864238534697,41.75577311300411,0.16076993108345983,140.33440915789075,286.29165148053147
neural_fold2_seed43_easy_supported_common,FDE,eu-locality-082,859,25.699749619043722,25.918958934614253,0.8457489211797786,113.54079268868122,234.31504208196256
neural_fold2_seed43_easy_supported_common,FDE,eu-locality-110,7204,58.74232768636794,58.79692993015807,0.09286580754299667,251.77304034955634,587.6090239057078
neural_fold2_seed43_easy_supported_common,FDE,eu-locality-112,3719,48.90720037401312,48.95071462670388,0.0888940090509216,180.57026348277316,421.94751964792783
neural_fold2_seed43_easy_supported_common,FDE,eu-locality-119,4147,65.72340240283225,65.72973460040133,0.009633688021981612,270.5290560144782,484.5542592170748
neural_fold2_seed43_easy_supported_common,FDE,eu-locality-124,2645,84.1947383567608,84.4124249059004,0.2578844872449415,381.9827743206876,749.8979417287693
neural_fold2_seed43_easy_supported_common,FDE,eu-locality-126,4579,40.80834897278882,40.81438017301339,0.014777145209610154,186.02531258567237,367.4904107537943
neural_fold2_seed43_easy_supported_at_control,FDE,eu-locality-007,3935,30.389945007227254,30.3989429494991,0.029599523532097827,103.59588750290177,180.30773703058676
neural_fold2_seed43_easy_supported_at_control,FDE,eu-locality-074,81289,41.695062144863115,41.75577311300411,0.14539538754723136,140.38305122688632,286.33925672067477
neural_fold2_seed43_easy_supported_at_control,FDE,eu-locality-082,859,25.69959883622401,25.918958934614253,0.8463306683868854,113.54079268868122,234.31504208196256
neural_fold2_seed43_easy_supported_at_control,FDE,eu-locality-110,7204,58.74227091566334,58.79692993015807,0.09296236140161618,251.77304034955634,587.6090239057078
neural_fold2_seed43_easy_supported_at_control,FDE,eu-locality-112,3719,48.90713310838632,48.95071462670388,0.08903142405561892,180.57026348277316,421.94751964792783
neural_fold2_seed43_easy_supported_at_control,FDE,eu-locality-119,4147,65.72369591263806,65.72973460040133,0.009187147643263671,270.5290560144782,484.5542592170748
neural_fold2_seed43_easy_supported_at_control,FDE,eu-locality-124,2645,84.19503117120925,84.4124249059004,0.2575376017612152,381.9827743206876,749.8979417287693
neural_fold2_seed43_easy_supported_at_control,FDE,eu-locality-126,4579,40.808561969928256,40.81438017301339,0.014255277332331229,186.02531258567237,367.4904107537943
neural_fold2_seed43_easy_control_at_supported,FDE,eu-locality-007,3935,30.382574313233476,30.3989429494991,0.053846070545338076,103.44536758297068,180.30773703058676
neural_fold2_seed43_easy_control_at_supported,FDE,eu-locality-074,81289,41.69854012554384,41.75577311300411,0.13706604666468003,140.4053723468714,286.33925672067477
neural_fold2_seed43_easy_control_at_supported,FDE,eu-locality-082,859,25.699561954505867,25.918958934614253,0.8464729646814106,113.54079268868122,234.31504208196256
neural_fold2_seed43_easy_control_at_supported,FDE,eu-locality-110,7204,58.741645113779,58.79692993015807,0.09402670589220286,251.77304034955634,587.6090239057078
neural_fold2_seed43_easy_control_at_supported,FDE,eu-locality-112,3719,48.91919456022867,48.95071462670388,0.06439143272081171,180.57026348277316,421.94751964792783
neural_fold2_seed43_easy_control_at_supported,FDE,eu-locality-119,4147,65.72339278663338,65.72973460040133,0.009648317928712125,270.5290560144782,484.5542592170748
neural_fold2_seed43_easy_control_at_supported,FDE,eu-locality-124,2645,84.295548612852,84.4124249059004,0.13845863707704353,381.9827743206876,749.8979417287693
neural_fold2_seed43_easy_control_at_supported,FDE,eu-locality-126,4579,40.8083490499254,40.81438017301339,0.0147769562159894,186.02531258567237,367.4904107537943
damping097_fold2_seed43_all_control_original,FDE,eu-locality-007,3935,28.28154679207061,30.3989429494991,6.9653611342541115,100.48938799867375,176.91252622706844
damping097_fold2_seed43_all_control_original,FDE,eu-locality-074,81289,39.57219745399956,41.75577311300411,5.229398227390303,136.24638513019835,280.7477387310492
damping097_fold2_seed43_all_control_original,FDE,eu-locality-082,859,24.9799509503318,25.918958934614253,3.6228614993807695,114.66976098816347,229.79762677801716
damping097_fold2_seed43_all_control_original,FDE,eu-locality-110,7204,55.826151855211386,58.79692993015807,5.052607471981152,247.6700423269865,573.1098661318172
damping097_fold2_seed43_all_control_original,FDE,eu-locality-112,3719,46.79235872936671,48.95071462670388,4.409242875812335,176.8991776360493,414.1148860954396
damping097_fold2_seed43_all_control_original,FDE,eu-locality-119,4147,64.2623107715053,65.72973460040133,2.232511416358396,268.00265753805553,484.5542592170748
damping097_fold2_seed43_all_control_original,FDE,eu-locality-124,2645,81.7246358115956,84.4124249059004,3.184115486909689,377.201315538286,721.5846967049604
damping097_fold2_seed43_all_control_original,FDE,eu-locality-126,4579,38.44211690306603,40.81438017301339,5.812322176378193,176.9896134413745,364.5007318189762
damping097_fold2_seed43_all_supported_original,FDE,eu-locality-007,3935,28.28154679207061,30.3989429494991,6.9653611342541115,100.48938799867375,176.91252622706844
damping097_fold2_seed43_all_supported_original,FDE,eu-locality-074,81289,39.57219745399956,41.75577311300411,5.229398227390303,136.24638513019835,280.7477387310492
damping097_fold2_seed43_all_supported_original,FDE,eu-locality-082,859,24.9799509503318,25.918958934614253,3.6228614993807695,114.66976098816347,229.79762677801716
damping097_fold2_seed43_all_supported_original,FDE,eu-locality-110,7204,55.826151855211386,58.79692993015807,5.052607471981152,247.6700423269865,573.1098661318172
damping097_fold2_seed43_all_supported_original,FDE,eu-locality-112,3719,46.79235872936671,48.95071462670388,4.409242875812335,176.8991776360493,414.1148860954396
damping097_fold2_seed43_all_supported_original,FDE,eu-locality-119,4147,64.2623107715053,65.72973460040133,2.232511416358396,268.00265753805553,484.5542592170748
damping097_fold2_seed43_all_supported_original,FDE,eu-locality-124,2645,81.7246358115956,84.4124249059004,3.184115486909689,377.201315538286,721.5846967049604
damping097_fold2_seed43_all_supported_original,FDE,eu-locality-126,4579,38.44211690306603,40.81438017301339,5.812322176378193,176.9896134413745,364.5007318189762
damping097_fold2_seed43_all_control_common,FDE,eu-locality-007,3935,28.28154679207061,30.3989429494991,6.9653611342541115,100.48938799867375,176.91252622706844
damping097_fold2_seed43_all_control_common,FDE,eu-locality-074,81289,39.57219745399956,41.75577311300411,5.229398227390303,136.24638513019835,280.7477387310492
damping097_fold2_seed43_all_control_common,FDE,eu-locality-082,859,24.9799509503318,25.918958934614253,3.6228614993807695,114.66976098816347,229.79762677801716
damping097_fold2_seed43_all_control_common,FDE,eu-locality-110,7204,55.826151855211386,58.79692993015807,5.052607471981152,247.6700423269865,573.1098661318172
damping097_fold2_seed43_all_control_common,FDE,eu-locality-112,3719,46.79235872936671,48.95071462670388,4.409242875812335,176.8991776360493,414.1148860954396
damping097_fold2_seed43_all_control_common,FDE,eu-locality-119,4147,64.2623107715053,65.72973460040133,2.232511416358396,268.00265753805553,484.5542592170748
damping097_fold2_seed43_all_control_common,FDE,eu-locality-124,2645,81.7246358115956,84.4124249059004,3.184115486909689,377.201315538286,721.5846967049604
damping097_fold2_seed43_all_control_common,FDE,eu-locality-126,4579,38.44211690306603,40.81438017301339,5.812322176378193,176.9896134413745,364.5007318189762
damping097_fold2_seed43_all_supported_common,FDE,eu-locality-007,3935,28.28154679207061,30.3989429494991,6.9653611342541115,100.48938799867375,176.91252622706844
damping097_fold2_seed43_all_supported_common,FDE,eu-locality-074,81289,39.57219745399956,41.75577311300411,5.229398227390303,136.24638513019835,280.7477387310492
damping097_fold2_seed43_all_supported_common,FDE,eu-locality-082,859,24.9799509503318,25.918958934614253,3.6228614993807695,114.66976098816347,229.79762677801716
damping097_fold2_seed43_all_supported_common,FDE,eu-locality-110,7204,55.826151855211386,58.79692993015807,5.052607471981152,247.6700423269865,573.1098661318172
damping097_fold2_seed43_all_supported_common,FDE,eu-locality-112,3719,46.79235872936671,48.95071462670388,4.409242875812335,176.8991776360493,414.1148860954396
damping097_fold2_seed43_all_supported_common,FDE,eu-locality-119,4147,64.2623107715053,65.72973460040133,2.232511416358396,268.00265753805553,484.5542592170748
damping097_fold2_seed43_all_supported_common,FDE,eu-locality-124,2645,81.7246358115956,84.4124249059004,3.184115486909689,377.201315538286,721.5846967049604
damping097_fold2_seed43_all_supported_common,FDE,eu-locality-126,4579,38.44211690306603,40.81438017301339,5.812322176378193,176.9896134413745,364.5007318189762
damping097_fold2_seed43_all_supported_at_control,FDE,eu-locality-007,3935,28.28154679207061,30.3989429494991,6.9653611342541115,100.48938799867375,176.91252622706844
damping097_fold2_seed43_all_supported_at_control,FDE,eu-locality-074,81289,39.57219745399956,41.75577311300411,5.229398227390303,136.24638513019835,280.7477387310492
damping097_fold2_seed43_all_supported_at_control,FDE,eu-locality-082,859,24.9799509503318,25.918958934614253,3.6228614993807695,114.66976098816347,229.79762677801716
damping097_fold2_seed43_all_supported_at_control,FDE,eu-locality-110,7204,55.826151855211386,58.79692993015807,5.052607471981152,247.6700423269865,573.1098661318172
damping097_fold2_seed43_all_supported_at_control,FDE,eu-locality-112,3719,46.79235872936671,48.95071462670388,4.409242875812335,176.8991776360493,414.1148860954396
damping097_fold2_seed43_all_supported_at_control,FDE,eu-locality-119,4147,64.2623107715053,65.72973460040133,2.232511416358396,268.00265753805553,484.5542592170748
damping097_fold2_seed43_all_supported_at_control,FDE,eu-locality-124,2645,81.7246358115956,84.4124249059004,3.184115486909689,377.201315538286,721.5846967049604
damping097_fold2_seed43_all_supported_at_control,FDE,eu-locality-126,4579,38.44211690306603,40.81438017301339,5.812322176378193,176.9896134413745,364.5007318189762
damping097_fold2_seed43_all_control_at_supported,FDE,eu-locality-007,3935,28.28154679207061,30.3989429494991,6.9653611342541115,100.48938799867375,176.91252622706844
damping097_fold2_seed43_all_control_at_supported,FDE,eu-locality-074,81289,39.57219745399956,41.75577311300411,5.229398227390303,136.24638513019835,280.7477387310492
damping097_fold2_seed43_all_control_at_supported,FDE,eu-locality-082,859,24.9799509503318,25.918958934614253,3.6228614993807695,114.66976098816347,229.79762677801716
damping097_fold2_seed43_all_control_at_supported,FDE,eu-locality-110,7204,55.826151855211386,58.79692993015807,5.052607471981152,247.6700423269865,573.1098661318172
damping097_fold2_seed43_all_control_at_supported,FDE,eu-locality-112,3719,46.79235872936671,48.95071462670388,4.409242875812335,176.8991776360493,414.1148860954396
damping097_fold2_seed43_all_control_at_supported,FDE,eu-locality-119,4147,64.2623107715053,65.72973460040133,2.232511416358396,268.00265753805553,484.5542592170748
damping097_fold2_seed43_all_control_at_supported,FDE,eu-locality-124,2645,81.7246358115956,84.4124249059004,3.184115486909689,377.201315538286,721.5846967049604
damping097_fold2_seed43_all_control_at_supported,FDE,eu-locality-126,4579,38.44211690306603,40.81438017301339,5.812322176378193,176.9896134413745,364.5007318189762
damping097_fold2_seed43_easy_control_original,FDE,eu-locality-007,3935,30.065394180062754,30.3989429494991,1.0972380519627345,102.630383216675,179.47061743579053
damping097_fold2_seed43_easy_control_original,FDE,eu-locality-074,81289,41.50680958378626,41.75577311300411,0.5962373838560686,140.27490436295238,286.23913978370405
damping097_fold2_seed43_easy_control_original,FDE,eu-locality-082,859,25.626377965015465,25.918958934614253,1.1288299438911964,114.66976098816347,234.31504208196256
damping097_fold2_seed43_easy_control_original,FDE,eu-locality-110,7204,58.358256904355805,58.79692993015807,0.7460815153501166,251.77304034955634,584.930399969669
damping097_fold2_seed43_easy_control_original,FDE,eu-locality-112,3719,48.70601748992791,48.95071462670388,0.49988470779643857,180.28741648050087,420.67114394082915
damping097_fold2_seed43_easy_control_original,FDE,eu-locality-119,4147,65.54993987268902,65.72973460040133,0.2735363664639001,270.5290560144782,484.5542592170748
damping097_fold2_seed43_easy_control_original,FDE,eu-locality-124,2645,84.1244056118033,84.4124249059004,0.34120485748179163,381.9827743206876,749.8979417287693
damping097_fold2_seed43_easy_control_original,FDE,eu-locality-126,4579,40.60737057156486,40.81438017301339,0.5071977096577585,186.02531258567237,367.4904107537943
damping097_fold2_seed43_easy_supported_original,FDE,eu-locality-007,3935,30.18086891660759,30.3989429494991,0.7173737364940314,102.96456780800754,179.47061743579053
damping097_fold2_seed43_easy_supported_original,FDE,eu-locality-074,81289,41.50979419543966,41.75577311300411,0.5890896018108771,140.27490436295238,286.29165148053147
damping097_fold2_seed43_easy_supported_original,FDE,eu-locality-082,859,25.64418024767983,25.918958934614253,1.0601455391306636,114.66976098816347,234.31504208196256
damping097_fold2_seed43_easy_supported_original,FDE,eu-locality-110,7204,58.388601867705354,58.79692993015807,0.694471740170366,251.77304034955634,587.6090239057078
damping097_fold2_seed43_easy_supported_original,FDE,eu-locality-112,3719,48.69635033719212,48.95071462670388,0.5196334546932135,180.28741648050087,420.67114394082915
damping097_fold2_seed43_easy_supported_original,FDE,eu-locality-119,4147,65.52872576030009,65.72973460040133,0.30581112387453313,270.5290560144782,484.5542592170748
damping097_fold2_seed43_easy_supported_original,FDE,eu-locality-124,2645,84.15923407056775,84.4124249059004,0.2999449851309177,381.9827743206876,749.8979417287693
damping097_fold2_seed43_easy_supported_original,FDE,eu-locality-126,4579,40.55843129555173,40.81438017301339,0.6271046537438263,186.02531258567237,367.4904107537943
damping097_fold2_seed43_easy_control_common,FDE,eu-locality-007,3935,30.065394180062754,30.3989429494991,1.0972380519627345,102.630383216675,179.47061743579053
damping097_fold2_seed43_easy_control_common,FDE,eu-locality-074,81289,41.50680958378626,41.75577311300411,0.5962373838560686,140.27490436295238,286.23913978370405
damping097_fold2_seed43_easy_control_common,FDE,eu-locality-082,859,25.626377965015465,25.918958934614253,1.1288299438911964,114.66976098816347,234.31504208196256
damping097_fold2_seed43_easy_control_common,FDE,eu-locality-110,7204,58.358256904355805,58.79692993015807,0.7460815153501166,251.77304034955634,584.930399969669
damping097_fold2_seed43_easy_control_common,FDE,eu-locality-112,3719,48.70601748992791,48.95071462670388,0.49988470779643857,180.28741648050087,420.67114394082915
damping097_fold2_seed43_easy_control_common,FDE,eu-locality-119,4147,65.54993987268902,65.72973460040133,0.2735363664639001,270.5290560144782,484.5542592170748
damping097_fold2_seed43_easy_control_common,FDE,eu-locality-124,2645,84.1244056118033,84.4124249059004,0.34120485748179163,381.9827743206876,749.8979417287693
damping097_fold2_seed43_easy_control_common,FDE,eu-locality-126,4579,40.60737057156486,40.81438017301339,0.5071977096577585,186.02531258567237,367.4904107537943
damping097_fold2_seed43_easy_supported_common,FDE,eu-locality-007,3935,30.18086891660759,30.3989429494991,0.7173737364940314,102.96456780800754,179.47061743579053
damping097_fold2_seed43_easy_supported_common,FDE,eu-locality-074,81289,41.50979419543966,41.75577311300411,0.5890896018108771,140.27490436295238,286.29165148053147
damping097_fold2_seed43_easy_supported_common,FDE,eu-locality-082,859,25.64418024767983,25.918958934614253,1.0601455391306636,114.66976098816347,234.31504208196256
damping097_fold2_seed43_easy_supported_common,FDE,eu-locality-110,7204,58.388601867705354,58.79692993015807,0.694471740170366,251.77304034955634,587.6090239057078
damping097_fold2_seed43_easy_supported_common,FDE,eu-locality-112,3719,48.69635033719212,48.95071462670388,0.5196334546932135,180.28741648050087,420.67114394082915
damping097_fold2_seed43_easy_supported_common,FDE,eu-locality-119,4147,65.52872576030009,65.72973460040133,0.30581112387453313,270.5290560144782,484.5542592170748
damping097_fold2_seed43_easy_supported_common,FDE,eu-locality-124,2645,84.15923407056775,84.4124249059004,0.2999449851309177,381.9827743206876,749.8979417287693
damping097_fold2_seed43_easy_supported_common,FDE,eu-locality-126,4579,40.55843129555173,40.81438017301339,0.6271046537438263,186.02531258567237,367.4904107537943
damping097_fold2_seed43_easy_supported_at_control,FDE,eu-locality-007,3935,30.126817721949546,30.3989429494991,0.8951799014907502,102.630383216675,179.47061743579053
damping097_fold2_seed43_easy_supported_at_control,FDE,eu-locality-074,81289,41.51173565015298,41.75577311300411,0.5844400538116967,140.27490436295238,286.29165148053147
damping097_fold2_seed43_easy_supported_at_control,FDE,eu-locality-082,859,25.60897148920935,25.918958934614253,1.1959872546845274,114.66976098816347,234.31504208196256
damping097_fold2_seed43_easy_supported_at_control,FDE,eu-locality-110,7204,58.37649301331009,58.79692993015807,0.7150661052326979,251.77304034955634,587.6090239057078
damping097_fold2_seed43_easy_supported_at_control,FDE,eu-locality-112,3719,48.69550997340291,48.95071462670388,0.5213502095876343,180.28741648050087,420.67114394082915
damping097_fold2_seed43_easy_supported_at_control,FDE,eu-locality-119,4147,65.53285122043195,65.72973460040133,0.2995347252903402,270.5290560144782,484.5542592170748
damping097_fold2_seed43_easy_supported_at_control,FDE,eu-locality-124,2645,84.12878631994676,84.4124249059004,0.3360152089811774,381.9827743206876,749.8979417287693
damping097_fold2_seed43_easy_supported_at_control,FDE,eu-locality-126,4579,40.58877120041304,40.81438017301339,0.5527683420499918,186.02531258567237,367.4904107537943
damping097_fold2_seed43_easy_control_at_supported,FDE,eu-locality-007,3935,30.108578651912577,30.3989429494991,0.9551789286518897,102.630383216675,179.47061743579053
damping097_fold2_seed43_easy_control_at_supported,FDE,eu-locality-074,81289,41.50497319520854,41.75577311300411,0.6006353112342655,140.27490436295238,286.23913978370405
damping097_fold2_seed43_easy_control_at_supported,FDE,eu-locality-082,859,25.64539205005774,25.918958934614253,1.0554701878522144,114.66976098816347,234.31504208196256
damping097_fold2_seed43_easy_control_at_supported,FDE,eu-locality-110,7204,58.3704281152963,58.79692993015807,0.7253810962041585,251.77304034955634,584.930399969669
damping097_fold2_seed43_easy_control_at_supported,FDE,eu-locality-112,3719,48.70744811703988,48.95071462670388,0.4969621210213937,180.28741648050087,420.67114394082915
damping097_fold2_seed43_easy_control_at_supported,FDE,eu-locality-119,4147,65.54857250116254,65.72973460040133,0.27561666016172603,270.5290560144782,484.5542592170748
damping097_fold2_seed43_easy_control_at_supported,FDE,eu-locality-124,2645,84.15283316126065,84.4124249059004,0.3075278845846796,381.9827743206876,749.8979417287693
damping097_fold2_seed43_easy_control_at_supported,FDE,eu-locality-126,4579,40.56629371671354,40.81438017301339,0.6078408032860083,186.02531258567237,367.4904107537943
